################################################################################
# session file: example
################################################################################

<USER>
# Initial conditions go here
</USER>

<FIELDS>
# Specification of field variables
</FIELDS>

<TOKENS>
# Solver parameters go here
</TOKENS>

<GROUPS NUMBER=3>
     1     w     group_name
     2     o     group_name
     3     v     group_name
</GROUPS>

<BCS NUMBER=3>
     1     w     3
                 <D>     u = 0      </D>
                 <D>     v = 0      </D>
                 <H>     p = 0      </H>
     2     o     3
                 <D>     u = 0      </D>
                 <D>     v = 0      </D>
                 <H>     p = 0      </H>
     3     v     3
                 <D>     u = 0      </D>
                 <D>     v = 0      </D>
                 <H>     p = 0      </H>
</BCS>

<NODES NUMBER=153>
     1  1.50000E+00  3.70837E-16  0.00000E+00
     2  2.00000E+00  0.00000E+00  0.00000E+00
     3  1.62500E+00  0.00000E+00  0.00000E+00
     4  1.75000E+00  0.00000E+00  0.00000E+00
     5  1.87500E+00  0.00000E+00  0.00000E+00
     6  2.00000E+00  1.00000E+00  0.00000E+00
     7  2.00000E+00  2.00000E-01  0.00000E+00
     8  2.00000E+00  4.00000E-01  0.00000E+00
     9  2.00000E+00  6.00000E-01  0.00000E+00
    10  2.00000E+00  8.00000E-01  0.00000E+00
    11  0.00000E+00  1.00000E+00  0.00000E+00
    12  2.00000E-01  1.00000E+00  0.00000E+00
    13  4.00000E-01  1.00000E+00  0.00000E+00
    14  6.00000E-01  1.00000E+00  0.00000E+00
    15  8.00000E-01  1.00000E+00  0.00000E+00
    16  1.00000E+00  1.00000E+00  0.00000E+00
    17  1.20000E+00  1.00000E+00  0.00000E+00
    18  1.40000E+00  1.00000E+00  0.00000E+00
    19  1.60000E+00  1.00000E+00  0.00000E+00
    20  1.80000E+00  1.00000E+00  0.00000E+00
    21  8.32667E-17  5.00000E-01  0.00000E+00
    22  0.00000E+00  6.66667E-01  0.00000E+00
    23  0.00000E+00  8.33333E-01  0.00000E+00
    24  2.09348E-01  4.94595E-01  0.00000E+00
    25  4.18217E-01  4.80392E-01  0.00000E+00
    26  6.26019E-01  4.54286E-01  0.00000E+00
    27  8.31873E-01  4.16039E-01  0.00000E+00
    28  1.03419E+00  3.62216E-01  0.00000E+00
    29  1.22928E+00  2.86556E-01  0.00000E+00
    30  1.40542E+00  1.74855E-01  0.00000E+00
    31  1.58929E+00  1.66417E-01  0.00000E+00
    32  1.72813E+00  1.76396E-01  0.00000E+00
    33  1.86351E+00  1.88029E-01  0.00000E+00
    34  2.02541E-01  8.30015E-01  0.00000E+00
    35  2.05411E-01  6.61116E-01  0.00000E+00
    36  1.85157E+00  3.76367E-01  0.00000E+00
    37  1.82705E+00  5.73216E-01  0.00000E+00
    38  1.81126E+00  7.85320E-01  0.00000E+00
    39  1.62032E+00  7.68356E-01  0.00000E+00
    40  1.42208E+00  7.54742E-01  0.00000E+00
    41  1.21628E+00  7.70504E-01  0.00000E+00
    42  1.01227E+00  7.88870E-01  0.00000E+00
    43  8.09612E-01  8.04501E-01  0.00000E+00
    44  6.07371E-01  8.16364E-01  0.00000E+00
    45  4.05057E-01  8.24668E-01  0.00000E+00
    46  4.10617E-01  6.50752E-01  0.00000E+00
    47  6.15332E-01  6.33862E-01  0.00000E+00
    48  8.19631E-01  6.09163E-01  0.00000E+00
    49  1.02453E+00  5.74882E-01  0.00000E+00
    50  1.60215E+00  3.17687E-01  0.00000E+00
    51  1.71447E+00  3.49581E-01  0.00000E+00
    52  1.65268E+00  5.34942E-01  0.00000E+00
    53  1.46084E+00  4.57302E-01  0.00000E+00
    54  1.23398E+00  5.27541E-01  0.00000E+00
    55 -5.00000E-01  0.00000E+00  0.00000E+00
    56 -1.00000E+00  0.00000E+00  0.00000E+00
    57 -6.66667E-01  0.00000E+00  0.00000E+00
    58 -8.33333E-01  0.00000E+00  0.00000E+00
    59 -1.00000E+00  1.00000E+00  0.00000E+00
    60 -1.00000E+00  8.00000E-01  0.00000E+00
    61 -1.00000E+00  6.00000E-01  0.00000E+00
    62 -1.00000E+00  4.00000E-01  0.00000E+00
    63 -1.00000E+00  2.00000E-01  0.00000E+00
    64 -2.00000E-01  1.00000E+00  0.00000E+00
    65 -4.00000E-01  1.00000E+00  0.00000E+00
    66 -6.00000E-01  1.00000E+00  0.00000E+00
    67 -8.00000E-01  1.00000E+00  0.00000E+00
    68 -1.91342E-01  4.61940E-01  0.00000E+00
    69 -3.53553E-01  3.53553E-01  0.00000E+00
    70 -4.61940E-01  1.91342E-01  0.00000E+00
    71 -6.10704E-01  2.42713E-01  0.00000E+00
    72 -7.98055E-01  2.74179E-01  0.00000E+00
    73 -2.06528E-01  8.12967E-01  0.00000E+00
    74 -2.11478E-01  6.24430E-01  0.00000E+00
    75 -4.58142E-01  5.15264E-01  0.00000E+00
    76 -8.92295E-01  4.17082E-01  0.00000E+00
    77 -8.45180E-01  5.83925E-01  0.00000E+00
    78 -8.17883E-01  7.89914E-01  0.00000E+00
    79 -6.26979E-01  7.77610E-01  0.00000E+00
    80 -4.20440E-01  7.81333E-01  0.00000E+00
    81 -6.75264E-01  5.38219E-01  0.00000E+00
    82 -1.00000E+00 -1.00000E+00  0.00000E+00
    83  0.00000E+00 -1.00000E+00  0.00000E+00
    84 -8.00000E-01 -1.00000E+00  0.00000E+00
    85 -6.00000E-01 -1.00000E+00  0.00000E+00
    86 -4.00000E-01 -1.00000E+00  0.00000E+00
    87 -2.00000E-01 -1.00000E+00  0.00000E+00
    88  0.00000E+00 -5.00000E-01  0.00000E+00
    89  0.00000E+00 -6.66667E-01  0.00000E+00
    90  0.00000E+00 -8.33333E-01  0.00000E+00
    91 -4.61940E-01 -1.91342E-01  0.00000E+00
    92 -3.53553E-01 -3.53553E-01  0.00000E+00
    93 -1.91342E-01 -4.61940E-01  0.00000E+00
    94 -1.00000E+00 -8.00000E-01  0.00000E+00
    95 -1.00000E+00 -6.00000E-01  0.00000E+00
    96 -1.00000E+00 -4.00000E-01  0.00000E+00
    97 -1.00000E+00 -2.00000E-01  0.00000E+00
    98 -2.06528E-01 -8.12967E-01  0.00000E+00
    99 -2.11478E-01 -6.24430E-01  0.00000E+00
   100 -6.10704E-01 -2.42713E-01  0.00000E+00
   101 -7.98055E-01 -2.74179E-01  0.00000E+00
   102 -4.58142E-01 -5.15264E-01  0.00000E+00
   103 -8.92295E-01 -4.17082E-01  0.00000E+00
   104 -8.45180E-01 -5.83925E-01  0.00000E+00
   105 -8.17883E-01 -7.89914E-01  0.00000E+00
   106 -6.26979E-01 -7.77610E-01  0.00000E+00
   107 -4.20440E-01 -7.81333E-01  0.00000E+00
   108 -6.75264E-01 -5.38219E-01  0.00000E+00
   109  2.00000E+00 -1.00000E+00  0.00000E+00
   110  2.00000E-01 -1.00000E+00  0.00000E+00
   111  4.00000E-01 -1.00000E+00  0.00000E+00
   112  6.00000E-01 -1.00000E+00  0.00000E+00
   113  8.00000E-01 -1.00000E+00  0.00000E+00
   114  1.00000E+00 -1.00000E+00  0.00000E+00
   115  1.20000E+00 -1.00000E+00  0.00000E+00
   116  1.40000E+00 -1.00000E+00  0.00000E+00
   117  1.60000E+00 -1.00000E+00  0.00000E+00
   118  1.80000E+00 -1.00000E+00  0.00000E+00
   119  2.00000E+00 -8.00000E-01  0.00000E+00
   120  2.00000E+00 -6.00000E-01  0.00000E+00
   121  2.00000E+00 -4.00000E-01  0.00000E+00
   122  2.00000E+00 -2.00000E-01  0.00000E+00
   123  1.40542E+00 -1.74855E-01  0.00000E+00
   124  1.22928E+00 -2.86556E-01  0.00000E+00
   125  1.03419E+00 -3.62216E-01  0.00000E+00
   126  8.31873E-01 -4.16039E-01  0.00000E+00
   127  6.26019E-01 -4.54286E-01  0.00000E+00
   128  4.18217E-01 -4.80392E-01  0.00000E+00
   129  2.09348E-01 -4.94595E-01  0.00000E+00
   130  1.85674E+00 -1.94847E-01  0.00000E+00
   131  1.71199E+00 -1.90217E-01  0.00000E+00
   132  1.56317E+00 -1.85427E-01  0.00000E+00
   133  2.05510E-01 -6.61121E-01  0.00000E+00
   134  2.02682E-01 -8.29979E-01  0.00000E+00
   135  1.80953E+00 -7.94729E-01  0.00000E+00
   136  1.82041E+00 -5.91246E-01  0.00000E+00
   137  1.83591E+00 -3.90678E-01  0.00000E+00
   138  4.05312E-01 -8.24701E-01  0.00000E+00
   139  6.07744E-01 -8.16775E-01  0.00000E+00
   140  8.10025E-01 -8.06181E-01  0.00000E+00
   141  1.01216E+00 -7.94295E-01  0.00000E+00
   142  1.21463E+00 -7.84841E-01  0.00000E+00
   143  1.41767E+00 -7.85492E-01  0.00000E+00
   144  1.61585E+00 -7.90135E-01  0.00000E+00
   145  1.66608E+00 -3.79244E-01  0.00000E+00
   146  1.47824E+00 -3.57854E-01  0.00000E+00
   147  1.22677E+00 -5.59793E-01  0.00000E+00
   148  1.02272E+00 -5.84658E-01  0.00000E+00
   149  8.19441E-01 -6.11987E-01  0.00000E+00
   150  6.15482E-01 -6.34614E-01  0.00000E+00
   151  4.10765E-01 -6.50914E-01  0.00000E+00
   152  1.43886E+00 -5.70075E-01  0.00000E+00
   153  1.63513E+00 -5.82320E-01  0.00000E+00
</NODES>

<ELEMENTS NUMBER=116>
     1   <Q>    87    83    90    98   </Q>
     2   <Q>    90    89    99    98   </Q>
     3   <Q>    88    93    99    89   </Q>
     4   <Q>    91    55    57   100   </Q>
     5   <Q>    57    58   101   100   </Q>
     6   <Q>    56    97   101    58   </Q>
     7   <Q>    93    92   102    99   </Q>
     8   <Q>    92    91   100   102   </Q>
     9   <Q>    97    96   103   101   </Q>
    10   <Q>    96    95   104   103   </Q>
    11   <Q>    95    94   105   104   </Q>
    12   <Q>    82    84   105    94   </Q>
    13   <Q>    84    85   106   105   </Q>
    14   <Q>    85    86   107   106   </Q>
    15   <Q>    86    87    98   107   </Q>
    16   <Q>    98    99   102   107   </Q>
    17   <Q>   104   105   106   108   </Q>
    18   <Q>   106   107   102   108   </Q>
    19   <Q>   100   101   108   102   </Q>
    20   <Q>   101   103   104   108   </Q>
    21   <Q>    55    70    71    57   </Q>
    22   <Q>    58    57    71    72   </Q>
    23   <Q>    63    56    58    72   </Q>
    24   <Q>    11    64    73    23   </Q>
    25   <Q>    22    23    73    74   </Q>
    26   <Q>    68    21    22    74   </Q>
    27   <Q>    69    68    74    75   </Q>
    28   <Q>    70    69    75    71   </Q>
    29   <Q>    62    63    72    76   </Q>
    30   <Q>    61    62    76    77   </Q>
    31   <Q>    60    61    77    78   </Q>
    32   <Q>    67    59    60    78   </Q>
    33   <Q>    66    67    78    79   </Q>
    34   <Q>    65    66    79    80   </Q>
    35   <Q>    64    65    80    73   </Q>
    36   <Q>    74    73    80    75   </Q>
    37   <Q>    78    77    81    79   </Q>
    38   <Q>    80    79    81    75   </Q>
    39   <Q>    72    71    75    81   </Q>
    40   <Q>    76    72    81    77   </Q>
    41   <Q>   122     2     5   130   </Q>
    42   <Q>     5     4   131   130   </Q>
    43   <Q>     4     3   132   131   </Q>
    44   <Q>     1   123   132     3   </Q>
    45   <Q>   129    88    89   133   </Q>
    46   <Q>    89    90   134   133   </Q>
    47   <Q>    83   110   134    90   </Q>
    48   <Q>   118   109   119   135   </Q>
    49   <Q>   119   120   136   135   </Q>
    50   <Q>   120   121   137   136   </Q>
    51   <Q>   121   122   130   137   </Q>
    52   <Q>   110   111   138   134   </Q>
    53   <Q>   111   112   139   138   </Q>
    54   <Q>   112   113   140   139   </Q>
    55   <Q>   113   114   141   140   </Q>
    56   <Q>   114   115   142   141   </Q>
    57   <Q>   115   116   143   142   </Q>
    58   <Q>   116   117   144   143   </Q>
    59   <Q>   117   118   135   144   </Q>
    60   <Q>   130   131   145   137   </Q>
    61   <Q>   131   132   146   145   </Q>
    62   <Q>   123   124   146   132   </Q>
    63   <Q>   124   125   148   147   </Q>
    64   <Q>   125   126   149   148   </Q>
    65   <Q>   126   127   150   149   </Q>
    66   <Q>   127   128   151   150   </Q>
    67   <Q>   128   129   133   151   </Q>
    68   <Q>   133   134   138   151   </Q>
    69   <Q>   138   139   150   151   </Q>
    70   <Q>   139   140   149   150   </Q>
    71   <Q>   140   141   148   149   </Q>
    72   <Q>   141   142   147   148   </Q>
    73   <Q>   142   143   152   147   </Q>
    74   <Q>   143   144   153   152   </Q>
    75   <Q>   135   136   153   144   </Q>
    76   <Q>   136   137   145   153   </Q>
    77   <Q>   145   146   152   153   </Q>
    78   <Q>   146   124   147   152   </Q>
    79   <Q>    30     1     3    31   </Q>
    80   <Q>     3     4    32    31   </Q>
    81   <Q>     4     5    33    32   </Q>
    82   <Q>     2     7    33     5   </Q>
    83   <Q>    12    11    23    34   </Q>
    84   <Q>    23    22    35    34   </Q>
    85   <Q>    21    24    35    22   </Q>
    86   <Q>     7     8    36    33   </Q>
    87   <Q>     8     9    37    36   </Q>
    88   <Q>     9    10    38    37   </Q>
    89   <Q>     6    20    38    10   </Q>
    90   <Q>    20    19    39    38   </Q>
    91   <Q>    19    18    40    39   </Q>
    92   <Q>    18    17    41    40   </Q>
    93   <Q>    17    16    42    41   </Q>
    94   <Q>    16    15    43    42   </Q>
    95   <Q>    15    14    44    43   </Q>
    96   <Q>    14    13    45    44   </Q>
    97   <Q>    13    12    34    45   </Q>
    98   <Q>    24    25    46    35   </Q>
    99   <Q>    25    26    47    46   </Q>
   100   <Q>    26    27    48    47   </Q>
   101   <Q>    27    28    49    48   </Q>
   102   <Q>    28    29    54    49   </Q>
   103   <Q>    29    30    53    54   </Q>
   104   <Q>    30    31    50    53   </Q>
   105   <Q>    31    32    51    50   </Q>
   106   <Q>    32    33    36    51   </Q>
   107   <Q>    34    35    46    45   </Q>
   108   <Q>    44    45    46    47   </Q>
   109   <Q>    43    44    47    48   </Q>
   110   <Q>    42    43    48    49   </Q>
   111   <Q>    37    38    39    52   </Q>
   112   <Q>    39    40    53    52   </Q>
   113   <Q>    40    41    54    53   </Q>
   114   <Q>    41    42    49    54   </Q>
   115   <Q>    36    37    52    51   </Q>
   116   <Q>    53    50    51    52   </Q>
</ELEMENTS>

<SURFACES NUMBER=59>
     1    44     1   <B>        w      </B>
     2    62     1   <B>        w      </B>
     3    63     1   <B>        w      </B>
     4    64     1   <B>        w      </B>
     5    65     1   <B>        w      </B>
     6    66     1   <B>        w      </B>
     7    67     1   <B>        w      </B>
     8    45     1   <B>        w      </B>
     9    85     1   <B>        w      </B>
    10    98     1   <B>        w      </B>
    11    99     1   <B>        w      </B>
    12   100     1   <B>        w      </B>
    13   101     1   <B>        w      </B>
    14   102     1   <B>        w      </B>
    15   103     1   <B>        w      </B>
    16    79     1   <B>        w      </B>
    17     4     1   <B>        w      </B>
    18     8     1   <B>        w      </B>
    19     7     1   <B>        w      </B>
    20     3     1   <B>        w      </B>
    21    26     1   <B>        w      </B>
    22    27     1   <B>        w      </B>
    23    28     1   <B>        w      </B>
    24    21     1   <B>        w      </B>
    25    24     1   <P>        1     1   </P>
    26    35     1   <P>       15     1   </P>
    27    34     1   <P>       14     1   </P>
    28    33     1   <P>       13     1   </P>
    29    32     1   <P>       12     1   </P>
    30    83     1   <P>       47     1   </P>
    31    97     1   <P>       52     1   </P>
    32    96     1   <P>       53     1   </P>
    33    95     1   <P>       54     1   </P>
    34    94     1   <P>       55     1   </P>
    35    93     1   <P>       56     1   </P>
    36    92     1   <P>       57     1   </P>
    37    91     1   <P>       58     1   </P>
    38    90     1   <P>       59     1   </P>
    39    89     1   <P>       48     1   </P>
    40    82     1   <B>        o      </B>
    41    86     1   <B>        o      </B>
    42    87     1   <B>        o      </B>
    43    88     1   <B>        o      </B>
    44    89     4   <B>        o      </B>
    45    48     2   <B>        o      </B>
    46    49     1   <B>        o      </B>
    47    50     1   <B>        o      </B>
    48    51     1   <B>        o      </B>
    49    41     1   <B>        o      </B>
    50    32     2   <B>        v      </B>
    51    31     1   <B>        v      </B>
    52    30     1   <B>        v      </B>
    53    29     1   <B>        v      </B>
    54    23     1   <B>        v      </B>
    55    12     4   <B>        v      </B>
    56    11     1   <B>        v      </B>
    57    10     1   <B>        v      </B>
    58     9     1   <B>        v      </B>
    59     6     1   <B>        v      </B>
</SURFACES>

<CURVES NUMBER=24>
     1    85     1      <SPLINE>   back_geometry.dat   </SPLINE>
     2    98     1      <SPLINE>   back_geometry.dat   </SPLINE>
     3    99     1      <SPLINE>   back_geometry.dat   </SPLINE>
     4   100     1      <SPLINE>   back_geometry.dat   </SPLINE>
     5   101     1      <SPLINE>   back_geometry.dat   </SPLINE>
     6   102     1      <SPLINE>   back_geometry.dat   </SPLINE>
     7   103     1      <SPLINE>   back_geometry.dat   </SPLINE>
     8    79     1      <SPLINE>   back_geometry.dat   </SPLINE>
     9    44     1      <SPLINE>   back_geometry.dat   </SPLINE>
    10    62     1      <SPLINE>   back_geometry.dat   </SPLINE>
    11    63     1      <SPLINE>   back_geometry.dat   </SPLINE>
    12    64     1      <SPLINE>   back_geometry.dat   </SPLINE>
    13    65     1      <SPLINE>   back_geometry.dat   </SPLINE>
    14    66     1      <SPLINE>   back_geometry.dat   </SPLINE>
    15    67     1      <SPLINE>   back_geometry.dat   </SPLINE>
    16    45     1      <SPLINE>   back_geometry.dat   </SPLINE>
    17     3     1      <ARC>    -5.00000E-01   </ARC>
    18     7     1      <ARC>    -5.00000E-01   </ARC>
    19     8     1      <ARC>    -5.00000E-01   </ARC>
    20     4     1      <ARC>    -5.00000E-01   </ARC>
    21    21     1      <ARC>    -5.00000E-01   </ARC>
    22    28     1      <ARC>    -5.00000E-01   </ARC>
    23    27     1      <ARC>    -5.00000E-01   </ARC>
    24    26     1      <ARC>    -5.00000E-01   </ARC>
</CURVES>
