# Skeleton semtex session file generated from gmsh .msh file

<TOKENS>
    N_TIME    = 2
    N_P	      = 16
    N_Z       = 24
    N_STEP    = 320000
    IO_FLD    = 16000
    IO_CFL    = 16000
    IO_HIS    = 400
    D_T	      = 0.000125
    Re	      = 1000.0
    KINVIS    = 1.0/Re
    U         = 1.0
    U0Delta   = 0.1
    CHKPOINT  = 0
    BETA      = 2*PI
</TOKENS>

<FIELDS NUMBER=4>
	u v w p 
</FIELDS>

<GROUPS NUMBER=5>
	1	s	sides
	2	o	outflow
	3	i	inflow
	4	c	wall
	5	k	wall
</GROUPS>

<USER>
    u = 1.0
    v = 0.0
    w = 0.0
    p = 0.0
</USER>

<BCS NUMBER=5>
	1	s	4
		<D> u = 1. </D>
		<D> v = 0. </D>
		<D> w = 0. </D>
		<H> p      </H>
	2	o	4
		<O> u = 0. </O>
		<O> v = 0. </O>
		<O> w = 0. </O>
		<O> p      </O>
	3	i	4
		<D> u = 1. </D>
		<D> v = 0. </D>
		<D> w = 0. </D>
		<H> p      </H>
	4	c	4
                <D> u = -1.0*sin((y-0.2)~(x+1)) </D>
                <D> v = 1.0*cos((y-0.2)~(x+1)) </D>
		<D> w = 0. </D>
		<H> p      </H>
	5	k	4
                <D> u = 1.0*sin((y+0.2)~(x+1)) </D>
                <D> v = -1.0*cos((y+0.2)~(x+1)) </D>
		<D> w = 0. </D>
		<H> p      </H>
</BCS>

<NODES NUMBER=464>
	1	-1.1	0.2	0
	2	-0.9	0.2	0
	3	-1	0.1	0
	4	-1	0.3	0
	5	-1.1	-0.2	0
	6	-0.9	-0.2	0
	7	-1	-0.3	0
	8	-1	-0.1	0
	9	-1	0.31	0
	10	-1	0.09	0
	11	-1	-0.31	0
	12	-1	-0.09	0
	13	-1.11	0.2	0
	14	-1.11	-0.2	0
	15	-0.89	-0.2	0
	16	-0.89	0.2	0
	17	-2	0	0
	18	-1	1	0
	19	-1	-1	0
	20	2	-1	0
	21	2	1	0
	22	-1.03827	0.292388	0
	23	-1.07071	0.270711	0
	24	-1.09239	0.238268	0
	25	-0.961732	0.292388	0
	26	-0.929289	0.270711	0
	27	-0.907612	0.238268	0
	28	-0.907612	0.161732	0
	29	-0.929289	0.129289	0
	30	-0.961732	0.107612	0
	31	-1.03827	0.107612	0
	32	-1.07071	0.129289	0
	33	-1.09239	0.161732	0
	34	-0.961732	-0.107612	0
	35	-0.929289	-0.129289	0
	36	-0.907612	-0.161732	0
	37	-1.03827	-0.107612	0
	38	-1.07071	-0.129289	0
	39	-1.09239	-0.161732	0
	40	-0.907612	-0.238268	0
	41	-0.929289	-0.270711	0
	42	-0.961732	-0.292388	0
	43	-1.03827	-0.292388	0
	44	-1.07071	-0.270711	0
	45	-1.09239	-0.238268	0
	46	-1.0421	0.301627	0
	47	-1.07778	0.277782	0
	48	-1.10163	0.242095	0
	49	-1.10163	0.157905	0
	50	-1.07778	0.122218	0
	51	-1.0421	0.0983733	0
	52	-0.957905	0.0983733	0
	53	-0.922218	0.122218	0
	54	-0.898373	0.157905	0
	55	-0.898373	0.242095	0
	56	-0.922218	0.277782	0
	57	-0.957905	0.301627	0
	58	-1.0421	-0.0983733	0
	59	-1.07778	-0.122218	0
	60	-1.10163	-0.157905	0
	61	-1.10163	-0.242095	0
	62	-1.07778	-0.277782	0
	63	-1.0421	-0.301627	0
	64	-0.957905	-0.301627	0
	65	-0.922218	-0.277782	0
	66	-0.898373	-0.242095	0
	67	-0.898373	-0.157905	0
	68	-0.922218	-0.122218	0
	69	-0.957905	-0.0983733	0
	70	-1.25882	0.965926	0
	71	-1.5	0.866025	0
	72	-1.70711	0.707107	0
	73	-1.86603	0.5	0
	74	-1.96593	0.258819	0
	75	-1.96593	-0.258819	0
	76	-1.86603	-0.5	0
	77	-1.70711	-0.707107	0
	78	-1.5	-0.866025	0
	79	-1.25882	-0.965926	0
	80	-0.75	1	0
	81	-0.5	1	0
	82	-0.25	1	0
	83	-3.70015e-12	1	0
	84	0.25	1	0
	85	0.5	1	0
	86	0.75	1	0
	87	1	1	0
	88	1.25	1	0
	89	1.5	1	0
	90	1.75	1	0
	91	2	0.75	0
	92	2	0.5	0
	93	2	0.25	0
	94	2	2.75024e-12	0
	95	2	-0.25	0
	96	2	-0.5	0
	97	2	-0.75	0
	98	1.75	-1	0
	99	1.5	-1	0
	100	1.25	-1	0
	101	1	-1	0
	102	0.75	-1	0
	103	0.5	-1	0
	104	0.25	-1	0
	105	3.69926e-12	-1	0
	106	-0.25	-1	0
	107	-0.5	-1	0
	108	-0.75	-1	0
	109	-0.044068	-0.00780171	0
	110	-1.3503	0.00612779	0
	111	-0.700222	-0.0055338	0
	112	-0.569438	0.287252	0
	113	-0.607076	-0.291456	0
	114	-1.40352	-0.297528	0
	115	-1.43574	0.273109	0
	116	-1.25549	0.563884	0
	117	-1.21526	-0.575931	0
	118	-0.74055	-0.550416	0
	119	-0.763262	0.523432	0
	120	1.02378	-0.0668161	0
	121	-0.869851	-0.00490267	0
	122	-1.12526	-0.00397876	0
	123	-0.744395	-0.148124	0
	124	-0.745033	0.15556	0
	125	-1.27682	0.146623	0
	126	-1.27999	-0.140399	0
	127	-1.24179	-0.364575	0
	128	-1.26336	0.346197	0
	129	0.465263	0.407465	0
	130	0.457133	-0.419358	0
	131	-0.129729	0.575078	0
	132	-0.133897	-0.525716	0
	133	-0.757714	0.387362	0
	134	-0.783773	-0.353191	0
	135	-0.948996	0.491244	0
	136	-0.959314	-0.505353	0
	137	1.41053	0.411157	0
	138	1.37611	-0.418083	0
	139	-0.318798	0.00956619	0
	140	-1.6371	-0.0461139	0
	141	-0.965005	-0.00162802	0
	142	-0.817874	-0.109189	0
	143	-0.836488	0.0971251	0
	144	-1.18055	0.0895026	0
	145	-1.16378	-0.116353	0
	146	0.955486	-0.54213	0
	147	0.951778	0.499753	0
	148	-1.19976	-0.238857	0
	149	-1.20268	0.242693	0
	150	-0.785515	0.237466	0
	151	-0.783407	-0.246435	0
	152	-1.11006	-0.451158	0
	153	-1.13202	0.465195	0
	154	-0.873008	-0.401906	0
	155	-0.873008	0.401906	0
	156	-1.04429	-0.0126237	0
	157	-0.510233	0.612173	0
	158	-0.448473	-0.587896	0
	159	1.54495	0.027608	0
	160	-1.44771	-0.087177	0
	161	-1.42611	0.125706	0
	162	-1.64218	0.244471	0
	163	-0.563822	0.122955	0
	164	-0.536634	-0.130396	0
	165	-0.352919	-0.199025	0
	166	-0.334566	0.317511	0
	167	-1.16937	-0.177266	0
	168	-1.18282	0.166152	0
	169	0.602906	-0.0655655	0
	170	-0.817561	0.158092	0
	171	-0.806566	-0.167081	0
	172	-1.00479	0.71489	0
	173	-1.02014	-0.722917	0
	174	0.239714	0.572351	0
	175	0.238214	-0.572995	0
	176	-1.50515	-0.504321	0
	177	-1.66233	-0.409288	0
	178	-1.17023	0.313322	0
	179	-1.16053	-0.306793	0
	180	-0.84653	-0.309166	0
	181	-0.821772	0.327231	0
	182	-0.894956	-0.0532784	0
	183	-1.10377	0.0560217	0
	184	-1.09915	-0.0631997	0
	185	-0.958191	0.39954	0
	186	-0.958191	-0.39954	0
	187	1.61947	0.617724	0
	188	1.59802	-0.62387	0
	189	-1.10035	0.336958	0
	190	-1.10035	-0.336958	0
	191	-0.600793	-0.433338	0
	192	-0.642399	0.439074	0
	193	0.21831	0.303832	0
	194	0.20993	-0.299545	0
	195	0.651003	-0.656534	0
	196	0.653522	0.677418	0
	197	-0.59871	0.778136	0
	198	-0.623131	-0.777096	0
	199	1.19342	-0.684801	0
	200	1.21257	0.673432	0
	201	-1.03382	0.042799	0
	202	-1.03463	-0.360348	0
	203	-1.02269	0.361872	0
	204	0.860711	0.301735	0
	205	0.807205	-0.193679	0
	206	-0.756751	0.00703128	0
	207	1.12866	0.333296	0
	208	1.33139	-0.181097	0
	209	1.8033	0.335622	0
	210	-1.25124	-0.00634444	0
	211	1.65946	-0.184269	0
	212	-0.851527	-0.79872	0
	213	-0.810656	0.796001	0
	214	0.332338	-0.0238033	0
	215	-0.997203	-0.0257456	0
	216	-0.288839	0.617903	0
	217	-0.245867	-0.775961	0
	218	-0.957823	0.0608595	0
	219	-1.3589	-0.437925	0
	220	-1.38298	0.455369	0
	221	-0.0846722	-0.319141	0
	222	-0.0889857	0.315794	0
	223	-0.76028	-0.0615201	0
	224	-1.24221	0.0576345	0
	225	-0.947588	-0.0526191	0
	226	-0.457891	-0.401745	0
	227	1.05829	-0.288947	0
	228	-0.501292	0.0293594	0
	229	-1.29052	-0.228616	0
	230	-1.28246	0.247391	0
	231	-1.22175	0.790514	0
	232	-0.0109115	0.728825	0
	233	-0.0163882	-0.71307	0
	234	-1.50505	0.0148867	0
	235	-1.52831	-0.220583	0
	236	-1.52986	0.358767	0
	237	-0.481724	0.214666	0
	238	-1.04129	0.565939	0
	239	-1.0692	-0.56608	0
	240	1.31563	0.198407	0
	241	0.848074	-0.75373	0
	242	0.854873	0.745455	0
	243	-1.75275	0.0915465	0
	244	0.428571	-0.814271	0
	245	-0.67558	0.182291	0
	246	-0.717617	-0.22436	0
	247	0.429647	0.814588	0
	248	-0.910373	-0.0223486	0
	249	-1.13902	0.123467	0
	250	-1.12406	-0.114863	0
	251	-0.869387	-0.116621	0
	252	-0.885587	0.103596	0
	253	-1.50484	-0.374136	0
	254	-1.52264	0.206709	0
	255	-0.91865	-0.335108	0
	256	-0.906592	0.326777	0
	257	-1.15169	-0.240318	0
	258	-1.1539	0.230613	0
	259	-1.32389	0.0846352	0
	260	-0.851239	0.221959	0
	261	-0.85295	-0.235445	0
	262	-0.514159	0.414003	0
	263	-0.675262	-0.0867209	0
	264	-0.815768	-0.0502367	0
	265	-0.203236	-0.122534	0
	266	-1.18359	0.0303016	0
	267	-0.734829	0.0731489	0
	268	-0.48863	-0.255655	0
	269	-0.900551	-0.60312	0
	270	-0.897652	0.627586	0
	271	-1.00115	0.0207614	0
	272	-1.26824	-0.0689961	0
	273	-1.39416	0.70713	0
	274	-1.38334	-0.556905	0
	275	1.41563	-0.820124	0
	276	1.44172	0.799031	0
	277	-1.05185	-0.0670817	0
	278	-0.595552	-0.0289563	0
	279	1.79228	0.0596146	0
	280	0.690026	0.450894	0
	281	0.701766	-0.415464	0
	282	-1.81358	-0.15531	0
	283	-1.59348	0.104381	0
	284	-1.07602	0.0237934	0
	285	-0.64963	0.565873	0
	286	-0.603237	-0.587186	0
	287	0.412649	0.227965	0
	288	-1.01899	0.446636	0
	289	-1.01882	-0.450034	0
	290	-0.779218	-0.430498	0
	291	-0.794419	0.453309	0
	292	-0.929096	0.0207748	0
	293	1.21935	-0.461677	0
	294	-1.14542	-0.0578293	0
	295	-1.17496	-0.369034	0
	296	-0.426447	-0.0760414	0
	297	-1.68442	0.452912	0
	298	1.76504	-0.375986	0
	299	-0.848135	0.0471112	0
	300	1.51826	-0.2619	0
	301	0.396414	-0.24428	0
	302	-0.192969	0.109343	0
	303	-0.294835	-0.369858	0
	304	0.0839773	0.47635	0
	305	0.08225	-0.475552	0
	306	-1.33584	-0.132888	0
	307	1.25472	0.456285	0
	308	-1.59539	-0.567688	0
	309	-0.450468	-0.788111	0
	310	-0.862764	-0.0553505	0
	311	-1.2377	0.402556	0
	312	-1.22828	-0.456472	0
	313	0.436744	0.606743	0
	314	0.433539	-0.604287	0
	315	-1.1378	0.0509816	0
	316	1.16678	0.031604	0
	317	1.81464	-0.12635	0
	318	-1.13465	-0.165755	0
	319	-1.13358	0.184108	0
	320	1.02248	0.806296	0
	321	1.8093	0.810386	0
	322	1.01383	-0.812844	0
	323	-0.861926	0.16221	0
	324	-0.855861	-0.178523	0
	325	1.80412	-0.805868	0
	326	-1.32325	-0.333686	0
	327	-1.34113	0.330517	0
	328	-1.11068	0.281784	0
	329	-1.11789	-0.273124	0
	330	0.831809	0.0523508	0
	331	-0.961344	0.347454	0
	332	-0.977245	-0.352773	0
	333	-0.910155	-0.0854069	0
	334	0.215034	0.79144	0
	335	0.217164	-0.788343	0
	336	-1.2178	-0.12651	0
	337	-1.2206	0.114978	0
	338	-1.35528	0.198207	0
	339	-0.785474	0.130353	0
	340	-0.776509	-0.105291	0
	341	-1.20099	-0.664784	0
	342	-1.14298	0.664463	0
	343	-0.652645	0.0564102	0
	344	-1.08324	-0.100645	0
	345	-0.690549	0.319351	0
	346	-0.704473	-0.324884	0
	347	-0.636538	-0.179771	0
	348	-1.36456	-0.695256	0
	349	-1.56749	0.602308	0
	350	-1.34874	-0.0702994	0
	351	-0.322404	0.169681	0
	352	-0.413333	0.106027	0
	353	-0.883842	-0.287701	0
	354	-0.869494	0.279515	0
	355	1.59356	-0.821802	0
	356	-1.76418	0.318734	0
	357	1.60179	0.821137	0
	358	-1.53771	-0.117958	0
	359	1.60004	0.354539	0
	360	-1.09778	0.0923161	0
	361	1.56393	-0.420333	0
	362	-1.39999	-0.193474	0
	363	0.104646	0.146955	0
	364	0.609858	-0.823602	0
	365	0.611056	0.830669	0
	366	-0.284939	-0.56482	0
	367	0.638885	0.22583	0
	368	-0.793521	0.0790417	0
	369	-0.997215	0.0645528	0
	370	0.992907	0.179655	0
	371	-1.20249	-0.065743	0
	372	0.305997	0.424333	0
	373	-0.709135	-0.435282	0
	374	-0.720736	0.447567	0
	375	0.301759	-0.430633	0
	376	-0.777921	-0.682075	0
	377	-0.715331	0.657199	0
	378	0.104018	-0.162689	0
	379	-1.14727	-0.819278	0
	380	-1.08957	-0.0266007	0
	381	1.42173	0.626201	0
	382	-0.262525	0.789631	0
	383	-0.98329	0.83059	0
	384	-0.993365	-0.874854	0
	385	1.3958	-0.636719	0
	386	-1.66188	-0.20384	0
	387	-0.880355	0.524047	0
	388	-0.845186	-0.502227	0
	389	-0.61004	0.194456	0
	390	0.567029	-0.24177	0
	391	-1.224	-0.191003	0
	392	-1.23619	0.200715	0
	393	-1.22354	0.299842	0
	394	-1.22358	-0.285252	0
	395	-0.990455	-0.0605669	0
	396	1.8129	0.577985	0
	397	1.80485	-0.591007	0
	398	-0.816805	0.015609	0
	399	-0.883166	0.0390449	0
	400	-1.18641	-0.0130552	0
	401	-1.06602	0.120168	0
	402	-1.09154	0.248489	0
	403	-0.969558	0.299019	0
	404	-0.920168	0.133982	0
	405	-0.900981	0.169558	0
	406	-1.09902	0.230442	0
	407	-0.969558	0.100981	0
	408	-1.06602	0.279832	0
	409	-1.03044	0.100981	0
	410	-0.908457	0.248491	0
	411	-0.933982	0.279832	0
	412	-0.900981	0.230442	0
	413	-1.09902	0.169558	0
	414	-0.951509	0.108457	0
	415	-1.09154	0.151509	0
	416	-1.03044	0.299019	0
	417	-1.04879	0.108718	0
	418	-0.951206	0.291282	0
	419	-0.989853	0.303006	0
	420	-0.908718	0.151206	0
	421	-0.919988	0.265661	0
	422	-1.08001	0.134339	0
	423	-1.10301	0.210147	0
	424	-1.08001	0.265661	0
	425	-0.896994	0.189853	0
	426	-0.934339	0.119988	0
	427	-1.01015	0.0969938	0
	428	-0.989853	0.0969938	0
	429	-1.04879	0.291282	0
	430	-0.896994	0.210147	0
	431	-1.10301	0.189853	0
	432	-1.01015	0.303006	0
	433	-1.0661	-0.2798	0
	434	-1.0917	-0.151653	0
	435	-0.969466	-0.100977	0
	436	-0.9202	-0.266104	0
	437	-1.09902	-0.169466	0
	438	-0.900977	-0.230534	0
	439	-0.969466	-0.299023	0
	440	-1.0661	-0.1202	0
	441	-1.03053	-0.299023	0
	442	-0.933896	-0.1202	0
	443	-0.90839	-0.151571	0
	444	-1.09902	-0.230534	0
	445	-0.900977	-0.169466	0
	446	-0.951653	-0.291699	0
	447	-1.0917	-0.248347	0
	448	-1.03053	-0.100977	0
	449	-1.04882	-0.291272	0
	450	-0.951177	-0.108728	0
	451	-0.919966	-0.13436	0
	452	-0.989822	-0.0969925	0
	453	-0.908728	-0.248823	0
	454	-1.08006	-0.265613	0
	455	-1.10301	-0.189822	0
	456	-1.08006	-0.134387	0
	457	-1.01018	-0.303008	0
	458	-0.934387	-0.280064	0
	459	-0.896992	-0.210178	0
	460	-0.989822	-0.303008	0
	461	-1.04882	-0.108728	0
	462	-1.10301	-0.210178	0
	463	-0.896992	-0.189822	0
	464	-1.01018	-0.0969925	0
</NODES>

<ELEMENTS NUMBER=427>
	   1 <Q>  301  194  375  130 </Q>
	   2 <Q>  370  207  147  204 </Q>
	   3 <Q>  287  129  372  193 </Q>
	   4 <Q>  182  333  251  310 </Q>
	   5 <Q>  240  137  307  207 </Q>
	   6 <Q>  150  345  133  181 </Q>
	   7 <Q>  198  309  158  286 </Q>
	   8 <Q>  130  314  195  281 </Q>
	   9 <Q>  196  313  129  280 </Q>
	  10 <Q>  146  281  195  241 </Q>
	  11 <Q>  196  280  147  242 </Q>
	  12 <Q>  346  246  151  134 </Q>
	  13 <Q>  208  227  293  138 </Q>
	  14 <Q>  222  131  216  166 </Q>
	  15 <Q>  369   10   51  201 </Q>
	  16 <Q>  378  194  301  214 </Q>
	  17 <Q>  115  254  161  338 </Q>
	  18 <Q>  197   81   80  213 </Q>
	  19 <Q>  240  316  208  159 </Q>
	  20 <Q>  219  312  127  326 </Q>
	  21 <Q>  128  311  220  327 </Q>
	  22 <Q>  167  318  250  145 </Q>
	  23 <Q>  150  124  245  345 </Q>
	  24 <Q>  151  246  123  171 </Q>
	  25 <Q>  120  330  205  227 </Q>
	  26 <Q>  161  254  283  234 </Q>
	  27 <Q>  170  323  252  143 </Q>
	  28 <Q>  251  324  171  142 </Q>
	  29 <Q>  157  216  382  197 </Q>
	  30 <Q>  146  241  322  199 </Q>
	  31 <Q>  189  328   47   46 </Q>
	  32 <Q>  320  242  147  200 </Q>
	  33 <Q>  180  154  134  151 </Q>
	  34 <Q>  205  281  146  227 </Q>
	  35 <Q>  117  312  219  274 </Q>
	  36 <Q>  113  268  164  347 </Q>
	  37 <Q>  147  207  307  200 </Q>
	  38 <Q>  387  135  155  291 </Q>
	  39 <Q>  208  316  120  227 </Q>
	  40 <Q>  299  143  252  399 </Q>
	  41 <Q>  310  121  248  182 </Q>
	  42 <Q>  292  399  252  218 </Q>
	  43 <Q>  277   58   12  395 </Q>
	  44 <Q>  315  183  360  249 </Q>
	  45 <Q>  360  201   51   50 </Q>
	  46 <Q>   95  317  211  298 </Q>
	  47 <Q>  217  366  158  309 </Q>
	  48 <Q>  311  153  116  220 </Q>
	  49 <Q>  152  312  117  239 </Q>
	  50 <Q>  294  145  250  184 </Q>
	  51 <Q>  115  327  220  236 </Q>
	  52 <Q>  300  211  159  208 </Q>
	  53 <Q>  156  271  201  284 </Q>
	  54 <Q>  112  262  192  345 </Q>
	  55 <Q>  294  184  380  122 </Q>
	  56 <Q>  319  258  168  249 </Q>
	  57 <Q>  190  202   63   62 </Q>
	  58 <Q>  203  189   46    9 </Q>
	  59 <Q>  317  279  159  211 </Q>
	  60 <Q>  278  228  163  343 </Q>
	  61 <Q>  221  265  165  303 </Q>
	  62 <Q>  138  361  300  208 </Q>
	  63 <Q>  260  323  170  150 </Q>
	  64 <Q>  171  324  261  151 </Q>
	  65 <Q>  351  302  222  166 </Q>
	  66 <Q>  226  268  113  191 </Q>
	  67 <Q>  114  253  219  326 </Q>
	  68 <Q>  279   94   93  209 </Q>
	  69 <Q>  110  234  160  350 </Q>
	  70 <Q>  222  363  193  304 </Q>
	  71 <Q>  224  337  125  259 </Q>
	  72 <Q>  231   70   71  273 </Q>
	  73 <Q>  257   14  318  167 </Q>
	  74 <Q>  258  319   13   48 </Q>
	  75 <Q>  223  340  123  263 </Q>
	  76 <Q>  131  222  304  232 </Q>
	  77 <Q>  273  349  220  116 </Q>
	  78 <Q>  261  324   15   66 </Q>
	  79 <Q>  238  342  116  153 </Q>
	  80 <Q>  202  332   11   63 </Q>
	  81 <Q>  250   60   59  344 </Q>
	  82 <Q>  168  337  144  249 </Q>
	  83 <Q>   68   67  251  333 </Q>
	  84 <Q>   54   53  252  323 </Q>
	  85 <Q>  363  214  287  193 </Q>
	  86 <Q>  244  335  104  103 </Q>
	  87 <Q>  299  398  368  143 </Q>
	  88 <Q>   84  334  247   85 </Q>
	  89 <Q>  271  156  215  141 </Q>
	  90 <Q>  144  337  224  266 </Q>
	  91 <Q>  142  340  223  264 </Q>
	  92 <Q>  305  221  132  233 </Q>
	  93 <Q>  223  263  111  206 </Q>
	  94 <Q>  237  112  389  163 </Q>
	  95 <Q>  288  135  238  153 </Q>
	  96 <Q>  239  136  289  152 </Q>
	  97 <Q>  290  134  154  388 </Q>
	  98 <Q>  133  291  155  181 </Q>
	  99 <Q>  257  329   61   14 </Q>
	 100 <Q>  148  391  229  394 </Q>
	 101 <Q>  230  392  149  393 </Q>
	 102 <Q>  344  277  184  250 </Q>
	 103 <Q>  132  366  217  233 </Q>
	 104 <Q>  235  253  114  362 </Q>
	 105 <Q>  215  156  277  395 </Q>
	 106 <Q>  315  122  284  183 </Q>
	 107 <Q>  224  259  110  210 </Q>
	 108 <Q>  192  285  119  374 </Q>
	 109 <Q>  118  286  191  373 </Q>
	 110 <Q>   10  369  218   52 </Q>
	 111 <Q>  107  309  198  108 </Q>
	 112 <Q>  198  376  212  108 </Q>
	 113 <Q>  256  331   57   56 </Q>
	 114 <Q>  157  285  192  262 </Q>
	 115 <Q>  191  286  158  226 </Q>
	 116 <Q>  241  195  364  102 </Q>
	 117 <Q>  228  278  164  296 </Q>
	 118 <Q>  293  227  146  199 </Q>
	 119 <Q>  282   17   75   76 </Q>
	 120 <Q>  365  196  242   86 </Q>
	 121 <Q>  297  356  162  236 </Q>
	 122 <Q>  255  353   65   64 </Q>
	 123 <Q>   21   90  321   91 </Q>
	 124 <Q>   20   97  325   98 </Q>
	 125 <Q>  194  378  221  305 </Q>
	 126 <Q>  342  231  273  116 </Q>
	 127 <Q>  274  348  341  117 </Q>
	 128 <Q>  260  354   55   16 </Q>
	 129 <Q>  221  378  109  265 </Q>
	 130 <Q>  391  148  257  167 </Q>
	 131 <Q>  258  149  392  168 </Q>
	 132 <Q>  141  292  218  271 </Q>
	 133 <Q>  369  201  271  218 </Q>
	 134 <Q>  356   74  243  162 </Q>
	 135 <Q>  225  333  182  248 </Q>
	 136 <Q>  309  107  106  217 </Q>
	 137 <Q>  382   82   81  197 </Q>
	 138 <Q>  118  388  269  376 </Q>
	 139 <Q>  334   84   83  232 </Q>
	 140 <Q>  105  104  335  233 </Q>
	 141 <Q>  179  190  329  257 </Q>
	 142 <Q>  328  189  178  258 </Q>
	 143 <Q>  171  123  340  142 </Q>
	 144 <Q>  170  339  124  150 </Q>
	 145 <Q>  243   74   17  282 </Q>
	 146 <Q>  215  395  225  141 </Q>
	 147 <Q>  222  302  109  363 </Q>
	 148 <Q>  261  353  180  151 </Q>
	 149 <Q>  181  354  260  150 </Q>
	 150 <Q>  330  367  169  205 </Q>
	 151 <Q>  213  383  172  270 </Q>
	 152 <Q>   88   87  320  200 </Q>
	 153 <Q>  384   19  108  212 </Q>
	 154 <Q>   80   18  383  213 </Q>
	 155 <Q>  322  101  100  199 </Q>
	 156 <Q>  248  292  141  225 </Q>
	 157 <Q>  239  173  269  136 </Q>
	 158 <Q>  185  331  256  155 </Q>
	 159 <Q>  255  332  186  154 </Q>
	 160 <Q>  277  156  380  184 </Q>
	 161 <Q>  296  165  265  139 </Q>
	 162 <Q>   72   73  297  349 </Q>
	 163 <Q>  253  177  308  176 </Q>
	 164 <Q>  346  373  191  113 </Q>
	 165 <Q>  207  370  316  240 </Q>
	 166 <Q>   76   77  308  177 </Q>
	 167 <Q>  226  303  165  268 </Q>
	 168 <Q>  203  288  153  189 </Q>
	 169 <Q>  152  289  202  190 </Q>
	 170 <Q>  395   12   69  225 </Q>
	 171 <Q>  136  269  388  154 </Q>
	 172 <Q>  135  387  270  238 </Q>
	 173 <Q>  359  159  279  209 </Q>
	 174 <Q>  349  297  236  220 </Q>
	 175 <Q>  306  362  229  126 </Q>
	 176 <Q>  265  109  302  139 </Q>
	 177 <Q>  262  166  216  157 </Q>
	 178 <Q>  163  228  352  237 </Q>
	 179 <Q>  160  358  235  362 </Q>
	 180 <Q>  180  353  255  154 </Q>
	 181 <Q>  256  354  181  155 </Q>
	 182 <Q>   77   78  348  308 </Q>
	 183 <Q>   71   72  349  273 </Q>
	 184 <Q>  219  253  176  274 </Q>
	 185 <Q>  232  382  216  131 </Q>
	 186 <Q>    9   57  331  203 </Q>
	 187 <Q>   64   11  332  255 </Q>
	 188 <Q>  236  162  254  115 </Q>
	 189 <Q>  174  334  232  304 </Q>
	 190 <Q>  242  320   87   86 </Q>
	 191 <Q>  101  322  241  102 </Q>
	 192 <Q>  233  335  175  305 </Q>
	 193 <Q>  244  364  195  314 </Q>
	 194 <Q>  196  365  247  313 </Q>
	 195 <Q>  280  367  204  147 </Q>
	 196 <Q>   48   47  328  258 </Q>
	 197 <Q>   62   61  329  190 </Q>
	 198 <Q>  158  366  303  226 </Q>
	 199 <Q>  230  338  125  392 </Q>
	 200 <Q>  339  368  267  124 </Q>
	 201 <Q>  336  371  272  126 </Q>
	 202 <Q>  174  313  247  334 </Q>
	 203 <Q>  318   14   60  250 </Q>
	 204 <Q>   49   13  319  249 </Q>
	 205 <Q>  244  314  175  335 </Q>
	 206 <Q>   16   54  323  260 </Q>
	 207 <Q>   67   15  324  251 </Q>
	 208 <Q>  249  360   50   49 </Q>
	 209 <Q>  383  231  342  172 </Q>
	 210 <Q>  341  348  379  173 </Q>
	 211 <Q>  311  178  189  153 </Q>
	 212 <Q>  190  179  295  152 </Q>
	 213 <Q>  203  331  185  288 </Q>
	 214 <Q>  186  332  202  289 </Q>
	 215 <Q>  178  393  149  258 </Q>
	 216 <Q>  148  394  179  257 </Q>
	 217 <Q>  252   53   52  218 </Q>
	 218 <Q>   69   68  333  225 </Q>
	 219 <Q>  336  391  167  145 </Q>
	 220 <Q>  237  166  262  112 </Q>
	 221 <Q>  111  343  267  206 </Q>
	 222 <Q>  186  289  136  154 </Q>
	 223 <Q>  135  288  185  155 </Q>
	 224 <Q>  240  159  359  137 </Q>
	 225 <Q>  326  127  394  229 </Q>
	 226 <Q>  393  128  327  230 </Q>
	 227 <Q>  140  234  283  243 </Q>
	 228 <Q>  301  390  169  214 </Q>
	 229 <Q>  142  264  310  251 </Q>
	 230 <Q>   83   82  382  232 </Q>
	 231 <Q>  344   59   58  277 </Q>
	 232 <Q>  264  398  121  310 </Q>
	 233 <Q>  144  266  315  249 </Q>
	 234 <Q>   66   65  353  261 </Q>
	 235 <Q>   56   55  354  256 </Q>
	 236 <Q>  103  102  364  244 </Q>
	 237 <Q>  365   86   85  247 </Q>
	 238 <Q>  139  352  228  296 </Q>
	 239 <Q>  110  350  272  210 </Q>
	 240 <Q>  266  400  122  315 </Q>
	 241 <Q>  201  360  183  284 </Q>
	 242 <Q>  169  367  287  214 </Q>
	 243 <Q>  282  386  140  243 </Q>
	 244 <Q>  213  270  377  197 </Q>
	 245 <Q>  212  376  269  173 </Q>
	 246 <Q>  385  138  293  199 </Q>
	 247 <Q>   94  279  317   95 </Q>
	 248 <Q>  361  298  211  300 </Q>
	 249 <Q>  390  281  205  169 </Q>
	 250 <Q>  272  350  306  126 </Q>
	 251 <Q>  267  343  245  124 </Q>
	 252 <Q>  110  259  161  234 </Q>
	 253 <Q>  368  398  206  267 </Q>
	 254 <Q>  234  140  358  160 </Q>
	 255 <Q>  278  343  111  263 </Q>
	 256 <Q>  347  263  123  246 </Q>
	 257 <Q>  275  355  188  385 </Q>
	 258 <Q>  187  357  276  381 </Q>
	 259 <Q>  283  254  162  243 </Q>
	 260 <Q>  351  352  139  302 </Q>
	 261 <Q>   99  355  275  100 </Q>
	 262 <Q>  374  133  345  192 </Q>
	 263 <Q>  276  357   89   88 </Q>
	 264 <Q>  338  161  259  125 </Q>
	 265 <Q>  295  127  312  152 </Q>
	 266 <Q>  268  165  296  164 </Q>
	 267 <Q>  177  386  282   76 </Q>
	 268 <Q>  275  385  199  100 </Q>
	 269 <Q>  200  381  276   88 </Q>
	 270 <Q>  381  200  307  137 </Q>
	 271 <Q>  371  400  210  272 </Q>
	 272 <Q>  263  347  164  278 </Q>
	 273 <Q>  380  156  284  122 </Q>
	 274 <Q>  370  330  120  316 </Q>
	 275 <Q>  330  370  204  367 </Q>
	 276 <Q>  230  327  115  338 </Q>
	 277 <Q>  172  342  238  270 </Q>
	 278 <Q>  341  173  239  117 </Q>
	 279 <Q>  348  274  176  308 </Q>
	 280 <Q>  119  285  377  270 </Q>
	 281 <Q>  399  292  248  121 </Q>
	 282 <Q>  134  290  373  346 </Q>
	 283 <Q>  291  133  374  119 </Q>
	 284 <Q>  361  138  385  188 </Q>
	 285 <Q>  129  287  367  280 </Q>
	 286 <Q>  381  137  359  187 </Q>
	 287 <Q>  311  128  393  178 </Q>
	 288 <Q>  394  127  295  179 </Q>
	 289 <Q>  391  336  126  229 </Q>
	 290 <Q>  392  125  337  168 </Q>
	 291 <Q>  187  359  209  396 </Q>
	 292 <Q>  298  361  188  397 </Q>
	 293 <Q>  173  379  384  212 </Q>
	 294 <Q>  304  193  372  174 </Q>
	 295 <Q>  298  397   96   95 </Q>
	 296 <Q>   92  396  209   93 </Q>
	 297 <Q>  206  398  264  223 </Q>
	 298 <Q>  375  194  305  175 </Q>
	 299 <Q>  210  400  266  224 </Q>
	 300 <Q>  386  235  358  140 </Q>
	 301 <Q>  351  166  237  352 </Q>
	 302 <Q>   70  231  383   18 </Q>
	 303 <Q>   79  379  348   78 </Q>
	 304 <Q>  357  321   90   89 </Q>
	 305 <Q>   98  325  355   99 </Q>
	 306 <Q>  390  301  130  281 </Q>
	 307 <Q>  229  362  114  326 </Q>
	 308 <Q>  363  109  378  214 </Q>
	 309 <Q>  187  396  321  357 </Q>
	 310 <Q>  121  398  299  399 </Q>
	 311 <Q>  325  397  188  355 </Q>
	 312 <Q>  294  122  400  371 </Q>
	 313 <Q>  235  386  177  253 </Q>
	 314 <Q>  197  377  285  157 </Q>
	 315 <Q>  376  198  286  118 </Q>
	 316 <Q>  246  346  113  347 </Q>
	 317 <Q>  313  174  372  129 </Q>
	 318 <Q>   19  384  379   79 </Q>
	 319 <Q>  375  175  314  130 </Q>
	 320 <Q>  371  336  145  294 </Q>
	 321 <Q>  143  368  339  170 </Q>
	 322 <Q>   91  321  396   92 </Q>
	 323 <Q>  397  325   97   96 </Q>
	 324 <Q>  306  350  160  362 </Q>
	 325 <Q>  245  389  112  345 </Q>
	 326 <Q>  356  297   73   74 </Q>
	 327 <Q>  163  389  245  343 </Q>
	 328 <Q>  303  366  132  221 </Q>
	 329 <Q>  387  291  119  270 </Q>
	 330 <Q>  290  388  118  373 </Q>
	 331 <Q>  217  106  105  233 </Q>
	 332 <Q>  415  422   32   33 </Q>
	 333 <Q>  410  421   26   27 </Q>
	 334 <Q>  411  418   25   26 </Q>
	 335 <Q>  414  426   29   30 </Q>
	 336 <Q>  401  417   31   32 </Q>
	 337 <Q>  404  420   28   29 </Q>
	 338 <Q>  403  419    4   25 </Q>
	 339 <Q>  412   27    2  430 </Q>
	 340 <Q>  413   33    1  431 </Q>
	 341 <Q>  405  425    2   28 </Q>
	 342 <Q>  406  423    1   24 </Q>
	 343 <Q>  407   30    3  428 </Q>
	 344 <Q>  408   23   22  429 </Q>
	 345 <Q>  409  427    3   31 </Q>
	 346 <Q>  416   22    4  432 </Q>
	 347 <Q>  402   24   23  424 </Q>
	 348 <Q>  427   10  428    3 </Q>
	 349 <Q>  425   16  430    2 </Q>
	 350 <Q>  423   13  431    1 </Q>
	 351 <Q>  419    9  432    4 </Q>
	 352 <Q>   57    9  419  403 </Q>
	 353 <Q>   46  416  432    9 </Q>
	 354 <Q>   52  407  428   10 </Q>
	 355 <Q>   51   10  427  409 </Q>
	 356 <Q>   48   13  423  406 </Q>
	 357 <Q>   49  413  431   13 </Q>
	 358 <Q>   54   16  425  405 </Q>
	 359 <Q>   55  412  430   16 </Q>
	 360 <Q>   47  408  429   46 </Q>
	 361 <Q>   48  402  424   47 </Q>
	 362 <Q>   49   50  422  415 </Q>
	 363 <Q>   50   51  417  401 </Q>
	 364 <Q>   52   53  426  414 </Q>
	 365 <Q>   53   54  420  404 </Q>
	 366 <Q>   55   56  421  410 </Q>
	 367 <Q>   56   57  418  411 </Q>
	 368 <Q>   50  401   32  422 </Q>
	 369 <Q>   57  403   25  418 </Q>
	 370 <Q>   53  404   29  426 </Q>
	 371 <Q>   54  405   28  420 </Q>
	 372 <Q>   51  409   31  417 </Q>
	 373 <Q>   56  411   26  421 </Q>
	 374 <Q>   22  416   46  429 </Q>
	 375 <Q>   24  402   48  406 </Q>
	 376 <Q>   27  412   55  410 </Q>
	 377 <Q>   30  407   52  414 </Q>
	 378 <Q>   33  413   49  415 </Q>
	 379 <Q>   23  408   47  424 </Q>
	 380 <Q>  443  451   35   36 </Q>
	 381 <Q>  447  454   44   45 </Q>
	 382 <Q>  442  450   34   35 </Q>
	 383 <Q>  433  449   43   44 </Q>
	 384 <Q>  446  458   41   42 </Q>
	 385 <Q>  436  453   40   41 </Q>
	 386 <Q>  437  455    5   39 </Q>
	 387 <Q>  445   36    6  463 </Q>
	 388 <Q>  435  452    8   34 </Q>
	 389 <Q>  439   42    7  460 </Q>
	 390 <Q>  438  459    6   40 </Q>
	 391 <Q>  444   45    5  462 </Q>
	 392 <Q>  441  457    7   43 </Q>
	 393 <Q>  448   37    8  464 </Q>
	 394 <Q>  440   38   37  461 </Q>
	 395 <Q>  434   39   38  456 </Q>
	 396 <Q>  457   11  460    7 </Q>
	 397 <Q>  455   14  462    5 </Q>
	 398 <Q>  459   15  463    6 </Q>
	 399 <Q>  452   12  464    8 </Q>
	 400 <Q>   64  439  460   11 </Q>
	 401 <Q>   63   11  457  441 </Q>
	 402 <Q>   69   12  452  435 </Q>
	 403 <Q>   58  448  464   12 </Q>
	 404 <Q>   60   14  455  437 </Q>
	 405 <Q>   61  444  462   14 </Q>
	 406 <Q>   66   15  459  438 </Q>
	 407 <Q>   67  445  463   15 </Q>
	 408 <Q>   59  440  461   58 </Q>
	 409 <Q>   60  434  456   59 </Q>
	 410 <Q>   61   62  454  447 </Q>
	 411 <Q>   62   63  449  433 </Q>
	 412 <Q>   64   65  458  446 </Q>
	 413 <Q>   65   66  453  436 </Q>
	 414 <Q>   67   68  451  443 </Q>
	 415 <Q>   68   69  450  442 </Q>
	 416 <Q>   38  440   59  456 </Q>
	 417 <Q>   62  433   44  454 </Q>
	 418 <Q>   69  435   34  450 </Q>
	 419 <Q>   65  436   41  458 </Q>
	 420 <Q>   66  438   40  453 </Q>
	 421 <Q>   63  441   43  449 </Q>
	 422 <Q>   68  442   35  451 </Q>
	 423 <Q>   37  448   58  461 </Q>
	 424 <Q>   39  434   60  437 </Q>
	 425 <Q>   36  445   67  443 </Q>
	 426 <Q>   42  439   64  446 </Q>
	 427 <Q>   45  444   61  447 </Q>
</ELEMENTS>

<SURFACES NUMBER=76>
	   1  346 2 <B> c </B>
	   2  344 2 <B> c </B>
	   3  347 2 <B> c </B>
	   4  342 3 <B> c </B>
	   5  338 3 <B> c </B>
	   6  334 3 <B> c </B>
	   7  333 3 <B> c </B>
	   8  339 2 <B> c </B>
	   9  341 3 <B> c </B>
	  10  337 3 <B> c </B>
	  11  335 3 <B> c </B>
	  12  343 2 <B> c </B>
	  13  345 3 <B> c </B>
	  14  336 3 <B> c </B>
	  15  332 3 <B> c </B>
	  16  340 2 <B> c </B>
	  17  388 3 <B> k </B>
	  18  382 3 <B> k </B>
	  19  380 3 <B> k </B>
	  20  387 2 <B> k </B>
	  21  393 2 <B> k </B>
	  22  394 2 <B> k </B>
	  23  395 2 <B> k </B>
	  24  386 3 <B> k </B>
	  25  390 3 <B> k </B>
	  26  385 3 <B> k </B>
	  27  384 3 <B> k </B>
	  28  389 2 <B> k </B>
	  29  392 3 <B> k </B>
	  30  383 3 <B> k </B>
	  31  381 3 <B> k </B>
	  32  391 2 <B> k </B>
	  33  302 4 <B> i </B>
	  34   72 2 <B> i </B>
	  35  183 1 <B> i </B>
	  36  162 1 <B> i </B>
	  37  326 3 <B> i </B>
	  38  145 2 <B> i </B>
	  39  119 2 <B> i </B>
	  40  119 3 <B> i </B>
	  41  166 1 <B> i </B>
	  42  182 1 <B> i </B>
	  43  303 4 <B> i </B>
	  44  318 4 <B> i </B>
	  45  154 1 <B> s </B>
	  46   18 2 <B> s </B>
	  47  137 2 <B> s </B>
	  48  230 1 <B> s </B>
	  49  139 2 <B> s </B>
	  50   88 4 <B> s </B>
	  51  237 2 <B> s </B>
	  52  190 3 <B> s </B>
	  53  152 1 <B> s </B>
	  54  263 3 <B> s </B>
	  55  304 3 <B> s </B>
	  56  123 1 <B> s </B>
	  57  123 4 <B> o </B>
	  58  322 4 <B> o </B>
	  59  296 4 <B> o </B>
	  60   68 2 <B> o </B>
	  61  247 4 <B> o </B>
	  62  295 3 <B> o </B>
	  63  323 3 <B> o </B>
	  64  124 1 <B> o </B>
	  65  124 4 <B> s </B>
	  66  305 4 <B> s </B>
	  67  261 4 <B> s </B>
	  68  155 2 <B> s </B>
	  69  191 4 <B> s </B>
	  70  236 1 <B> s </B>
	  71   86 3 <B> s </B>
	  72  140 1 <B> s </B>
	  73  331 2 <B> s </B>
	  74  136 2 <B> s </B>
	  75  111 4 <B> s </B>
	  76  153 2 <B> s </B>
</SURFACES>

<CURVES NUMBER=44>
      1  302 4 <ARC> 1.0 </ARC>
      2   72 2 <ARC> 1.0 </ARC>
      3  183 1 <ARC> 1.0 </ARC>
      4  162 1 <ARC> 1.0 </ARC>
      5  326 3 <ARC> 1.0 </ARC>
      6  145 2 <ARC> 1.0 </ARC>
      7  119 2 <ARC> 1.0 </ARC>
      8  119 3 <ARC> 1.0 </ARC>
      9  166 1 <ARC> 1.0 </ARC>
      10  182 1 <ARC> 1.0 </ARC>
      11  303 4 <ARC> 1.0 </ARC>
      12  318 4 <ARC> 1.0 </ARC>
      13  346 2 <ARC> -0.1 </ARC>
      14  344 2 <ARC> -0.1 </ARC>
      15  347 2 <ARC> -0.1 </ARC>
      16  342 3 <ARC> -0.1 </ARC>
      17  338 3 <ARC> -0.1 </ARC>
      18  334 3 <ARC> -0.1 </ARC>
      19  333 3 <ARC> -0.1 </ARC>
      20  339 2 <ARC> -0.1 </ARC>
      21  341 3 <ARC> -0.1 </ARC>
      22  337 3 <ARC> -0.1 </ARC>
      23  335 3 <ARC> -0.1 </ARC>
      24  343 2 <ARC> -0.1 </ARC>
      25  345 3 <ARC> -0.1 </ARC>
      26  336 3 <ARC> -0.1 </ARC>
      27  332 3 <ARC> -0.1 </ARC>
      28  340 2 <ARC> -0.1 </ARC>
      29  388 3 <ARC> -0.1 </ARC>
      30  382 3 <ARC> -0.1 </ARC>
      31  380 3 <ARC> -0.1 </ARC>
      32  387 2 <ARC> -0.1 </ARC>
      33  393 2 <ARC> -0.1 </ARC>
      34  394 2 <ARC> -0.1 </ARC>
      35  395 2 <ARC> -0.1 </ARC>
      36  386 3 <ARC> -0.1 </ARC>
      37  390 3 <ARC> -0.1 </ARC>
      38  385 3 <ARC> -0.1 </ARC>
      39  384 3 <ARC> -0.1 </ARC>
      40  389 2 <ARC> -0.1 </ARC>
      41  392 3 <ARC> -0.1 </ARC>
      42  383 3 <ARC> -0.1 </ARC>
      43  381 3 <ARC> -0.1 </ARC>
      44  391 2 <ARC> -0.1 </ARC>
</CURVES>
