<FIELDS>
    u v w p
</FIELDS>
<USER>
    u = (2.0/sqrt(3.0))*sin(0.0*PI + 2.0*PI/3.0)*sin(x)*cos(y)*cos(z)
    v = (2.0/sqrt(3.0))*sin(0.0*PI - 2.0*PI/3.0)*cos(x)*sin(y)*cos(z)
    w = (2.0/sqrt(3.0))*sin(0.0*PI)*cos(x)*cos(y)*sin(z)
    p =  0
</USER>
<TOKENS>
    D_T      = 0.0050
    TOL_REL  = 1.0e-8
    KINVIS   = 1/1600
    N_TIME   = 3
    N_P      = 8
    N_Z      = 128
    BETA     = 1
    N_STEP   = 4000
    IO_CFL   = 25
    IO_FLD   = 25
    CHKPOINT = 0
</TOKENS>
<NODES NUMBER=289>
1	0.0	0.0	0
2	0.392699081699	0.0	0
3	0.785398163397	0.0	0
4	1.1780972451	0.0	0
5	1.57079632679	0.0	0
6	1.96349540849	0.0	0
7	2.35619449019	0.0	0
8	2.74889357189	0.0	0
9	3.14159265359	0.0	0
10	3.53429173529	0.0	0
11	3.92699081699	0.0	0
12	4.31968989869	0.0	0
13	4.71238898038	0.0	0
14	5.10508806208	0.0	0
15	5.49778714378	0.0	0
16	5.89048622548	0.0	0
17	6.28318530718	0.0	0
18	0.0	0.392699081699	0
19	0.392699081699	0.392699081699	0
20	0.785398163397	0.392699081699	0
21	1.1780972451	0.392699081699	0
22	1.57079632679	0.392699081699	0
23	1.96349540849	0.392699081699	0
24	2.35619449019	0.392699081699	0
25	2.74889357189	0.392699081699	0
26	3.14159265359	0.392699081699	0
27	3.53429173529	0.392699081699	0
28	3.92699081699	0.392699081699	0
29	4.31968989869	0.392699081699	0
30	4.71238898038	0.392699081699	0
31	5.10508806208	0.392699081699	0
32	5.49778714378	0.392699081699	0
33	5.89048622548	0.392699081699	0
34	6.28318530718	0.392699081699	0
35	0.0	0.785398163397	0
36	0.392699081699	0.785398163397	0
37	0.785398163397	0.785398163397	0
38	1.1780972451	0.785398163397	0
39	1.57079632679	0.785398163397	0
40	1.96349540849	0.785398163397	0
41	2.35619449019	0.785398163397	0
42	2.74889357189	0.785398163397	0
43	3.14159265359	0.785398163397	0
44	3.53429173529	0.785398163397	0
45	3.92699081699	0.785398163397	0
46	4.31968989869	0.785398163397	0
47	4.71238898038	0.785398163397	0
48	5.10508806208	0.785398163397	0
49	5.49778714378	0.785398163397	0
50	5.89048622548	0.785398163397	0
51	6.28318530718	0.785398163397	0
52	0.0	1.1780972451	0
53	0.392699081699	1.1780972451	0
54	0.785398163397	1.1780972451	0
55	1.1780972451	1.1780972451	0
56	1.57079632679	1.1780972451	0
57	1.96349540849	1.1780972451	0
58	2.35619449019	1.1780972451	0
59	2.74889357189	1.1780972451	0
60	3.14159265359	1.1780972451	0
61	3.53429173529	1.1780972451	0
62	3.92699081699	1.1780972451	0
63	4.31968989869	1.1780972451	0
64	4.71238898038	1.1780972451	0
65	5.10508806208	1.1780972451	0
66	5.49778714378	1.1780972451	0
67	5.89048622548	1.1780972451	0
68	6.28318530718	1.1780972451	0
69	0.0	1.57079632679	0
70	0.392699081699	1.57079632679	0
71	0.785398163397	1.57079632679	0
72	1.1780972451	1.57079632679	0
73	1.57079632679	1.57079632679	0
74	1.96349540849	1.57079632679	0
75	2.35619449019	1.57079632679	0
76	2.74889357189	1.57079632679	0
77	3.14159265359	1.57079632679	0
78	3.53429173529	1.57079632679	0
79	3.92699081699	1.57079632679	0
80	4.31968989869	1.57079632679	0
81	4.71238898038	1.57079632679	0
82	5.10508806208	1.57079632679	0
83	5.49778714378	1.57079632679	0
84	5.89048622548	1.57079632679	0
85	6.28318530718	1.57079632679	0
86	0.0	1.96349540849	0
87	0.392699081699	1.96349540849	0
88	0.785398163397	1.96349540849	0
89	1.1780972451	1.96349540849	0
90	1.57079632679	1.96349540849	0
91	1.96349540849	1.96349540849	0
92	2.35619449019	1.96349540849	0
93	2.74889357189	1.96349540849	0
94	3.14159265359	1.96349540849	0
95	3.53429173529	1.96349540849	0
96	3.92699081699	1.96349540849	0
97	4.31968989869	1.96349540849	0
98	4.71238898038	1.96349540849	0
99	5.10508806208	1.96349540849	0
100	5.49778714378	1.96349540849	0
101	5.89048622548	1.96349540849	0
102	6.28318530718	1.96349540849	0
103	0.0	2.35619449019	0
104	0.392699081699	2.35619449019	0
105	0.785398163397	2.35619449019	0
106	1.1780972451	2.35619449019	0
107	1.57079632679	2.35619449019	0
108	1.96349540849	2.35619449019	0
109	2.35619449019	2.35619449019	0
110	2.74889357189	2.35619449019	0
111	3.14159265359	2.35619449019	0
112	3.53429173529	2.35619449019	0
113	3.92699081699	2.35619449019	0
114	4.31968989869	2.35619449019	0
115	4.71238898038	2.35619449019	0
116	5.10508806208	2.35619449019	0
117	5.49778714378	2.35619449019	0
118	5.89048622548	2.35619449019	0
119	6.28318530718	2.35619449019	0
120	0.0	2.74889357189	0
121	0.392699081699	2.74889357189	0
122	0.785398163397	2.74889357189	0
123	1.1780972451	2.74889357189	0
124	1.57079632679	2.74889357189	0
125	1.96349540849	2.74889357189	0
126	2.35619449019	2.74889357189	0
127	2.74889357189	2.74889357189	0
128	3.14159265359	2.74889357189	0
129	3.53429173529	2.74889357189	0
130	3.92699081699	2.74889357189	0
131	4.31968989869	2.74889357189	0
132	4.71238898038	2.74889357189	0
133	5.10508806208	2.74889357189	0
134	5.49778714378	2.74889357189	0
135	5.89048622548	2.74889357189	0
136	6.28318530718	2.74889357189	0
137	0.0	3.14159265359	0
138	0.392699081699	3.14159265359	0
139	0.785398163397	3.14159265359	0
140	1.1780972451	3.14159265359	0
141	1.57079632679	3.14159265359	0
142	1.96349540849	3.14159265359	0
143	2.35619449019	3.14159265359	0
144	2.74889357189	3.14159265359	0
145	3.14159265359	3.14159265359	0
146	3.53429173529	3.14159265359	0
147	3.92699081699	3.14159265359	0
148	4.31968989869	3.14159265359	0
149	4.71238898038	3.14159265359	0
150	5.10508806208	3.14159265359	0
151	5.49778714378	3.14159265359	0
152	5.89048622548	3.14159265359	0
153	6.28318530718	3.14159265359	0
154	0.0	3.53429173529	0
155	0.392699081699	3.53429173529	0
156	0.785398163397	3.53429173529	0
157	1.1780972451	3.53429173529	0
158	1.57079632679	3.53429173529	0
159	1.96349540849	3.53429173529	0
160	2.35619449019	3.53429173529	0
161	2.74889357189	3.53429173529	0
162	3.14159265359	3.53429173529	0
163	3.53429173529	3.53429173529	0
164	3.92699081699	3.53429173529	0
165	4.31968989869	3.53429173529	0
166	4.71238898038	3.53429173529	0
167	5.10508806208	3.53429173529	0
168	5.49778714378	3.53429173529	0
169	5.89048622548	3.53429173529	0
170	6.28318530718	3.53429173529	0
171	0.0	3.92699081699	0
172	0.392699081699	3.92699081699	0
173	0.785398163397	3.92699081699	0
174	1.1780972451	3.92699081699	0
175	1.57079632679	3.92699081699	0
176	1.96349540849	3.92699081699	0
177	2.35619449019	3.92699081699	0
178	2.74889357189	3.92699081699	0
179	3.14159265359	3.92699081699	0
180	3.53429173529	3.92699081699	0
181	3.92699081699	3.92699081699	0
182	4.31968989869	3.92699081699	0
183	4.71238898038	3.92699081699	0
184	5.10508806208	3.92699081699	0
185	5.49778714378	3.92699081699	0
186	5.89048622548	3.92699081699	0
187	6.28318530718	3.92699081699	0
188	0.0	4.31968989869	0
189	0.392699081699	4.31968989869	0
190	0.785398163397	4.31968989869	0
191	1.1780972451	4.31968989869	0
192	1.57079632679	4.31968989869	0
193	1.96349540849	4.31968989869	0
194	2.35619449019	4.31968989869	0
195	2.74889357189	4.31968989869	0
196	3.14159265359	4.31968989869	0
197	3.53429173529	4.31968989869	0
198	3.92699081699	4.31968989869	0
199	4.31968989869	4.31968989869	0
200	4.71238898038	4.31968989869	0
201	5.10508806208	4.31968989869	0
202	5.49778714378	4.31968989869	0
203	5.89048622548	4.31968989869	0
204	6.28318530718	4.31968989869	0
205	0.0	4.71238898038	0
206	0.392699081699	4.71238898038	0
207	0.785398163397	4.71238898038	0
208	1.1780972451	4.71238898038	0
209	1.57079632679	4.71238898038	0
210	1.96349540849	4.71238898038	0
211	2.35619449019	4.71238898038	0
212	2.74889357189	4.71238898038	0
213	3.14159265359	4.71238898038	0
214	3.53429173529	4.71238898038	0
215	3.92699081699	4.71238898038	0
216	4.31968989869	4.71238898038	0
217	4.71238898038	4.71238898038	0
218	5.10508806208	4.71238898038	0
219	5.49778714378	4.71238898038	0
220	5.89048622548	4.71238898038	0
221	6.28318530718	4.71238898038	0
222	0.0	5.10508806208	0
223	0.392699081699	5.10508806208	0
224	0.785398163397	5.10508806208	0
225	1.1780972451	5.10508806208	0
226	1.57079632679	5.10508806208	0
227	1.96349540849	5.10508806208	0
228	2.35619449019	5.10508806208	0
229	2.74889357189	5.10508806208	0
230	3.14159265359	5.10508806208	0
231	3.53429173529	5.10508806208	0
232	3.92699081699	5.10508806208	0
233	4.31968989869	5.10508806208	0
234	4.71238898038	5.10508806208	0
235	5.10508806208	5.10508806208	0
236	5.49778714378	5.10508806208	0
237	5.89048622548	5.10508806208	0
238	6.28318530718	5.10508806208	0
239	0.0	5.49778714378	0
240	0.392699081699	5.49778714378	0
241	0.785398163397	5.49778714378	0
242	1.1780972451	5.49778714378	0
243	1.57079632679	5.49778714378	0
244	1.96349540849	5.49778714378	0
245	2.35619449019	5.49778714378	0
246	2.74889357189	5.49778714378	0
247	3.14159265359	5.49778714378	0
248	3.53429173529	5.49778714378	0
249	3.92699081699	5.49778714378	0
250	4.31968989869	5.49778714378	0
251	4.71238898038	5.49778714378	0
252	5.10508806208	5.49778714378	0
253	5.49778714378	5.49778714378	0
254	5.89048622548	5.49778714378	0
255	6.28318530718	5.49778714378	0
256	0.0	5.89048622548	0
257	0.392699081699	5.89048622548	0
258	0.785398163397	5.89048622548	0
259	1.1780972451	5.89048622548	0
260	1.57079632679	5.89048622548	0
261	1.96349540849	5.89048622548	0
262	2.35619449019	5.89048622548	0
263	2.74889357189	5.89048622548	0
264	3.14159265359	5.89048622548	0
265	3.53429173529	5.89048622548	0
266	3.92699081699	5.89048622548	0
267	4.31968989869	5.89048622548	0
268	4.71238898038	5.89048622548	0
269	5.10508806208	5.89048622548	0
270	5.49778714378	5.89048622548	0
271	5.89048622548	5.89048622548	0
272	6.28318530718	5.89048622548	0
273	0.0	6.28318530718	0
274	0.392699081699	6.28318530718	0
275	0.785398163397	6.28318530718	0
276	1.1780972451	6.28318530718	0
277	1.57079632679	6.28318530718	0
278	1.96349540849	6.28318530718	0
279	2.35619449019	6.28318530718	0
280	2.74889357189	6.28318530718	0
281	3.14159265359	6.28318530718	0
282	3.53429173529	6.28318530718	0
283	3.92699081699	6.28318530718	0
284	4.31968989869	6.28318530718	0
285	4.71238898038	6.28318530718	0
286	5.10508806208	6.28318530718	0
287	5.49778714378	6.28318530718	0
288	5.89048622548	6.28318530718	0
289	6.28318530718	6.28318530718	0
</NODES>
<ELEMENTS NUMBER=256>
1	<Q>	1	2	19	18	</Q>
2	<Q>	2	3	20	19	</Q>
3	<Q>	3	4	21	20	</Q>
4	<Q>	4	5	22	21	</Q>
5	<Q>	5	6	23	22	</Q>
6	<Q>	6	7	24	23	</Q>
7	<Q>	7	8	25	24	</Q>
8	<Q>	8	9	26	25	</Q>
9	<Q>	9	10	27	26	</Q>
10	<Q>	10	11	28	27	</Q>
11	<Q>	11	12	29	28	</Q>
12	<Q>	12	13	30	29	</Q>
13	<Q>	13	14	31	30	</Q>
14	<Q>	14	15	32	31	</Q>
15	<Q>	15	16	33	32	</Q>
16	<Q>	16	17	34	33	</Q>
17	<Q>	18	19	36	35	</Q>
18	<Q>	19	20	37	36	</Q>
19	<Q>	20	21	38	37	</Q>
20	<Q>	21	22	39	38	</Q>
21	<Q>	22	23	40	39	</Q>
22	<Q>	23	24	41	40	</Q>
23	<Q>	24	25	42	41	</Q>
24	<Q>	25	26	43	42	</Q>
25	<Q>	26	27	44	43	</Q>
26	<Q>	27	28	45	44	</Q>
27	<Q>	28	29	46	45	</Q>
28	<Q>	29	30	47	46	</Q>
29	<Q>	30	31	48	47	</Q>
30	<Q>	31	32	49	48	</Q>
31	<Q>	32	33	50	49	</Q>
32	<Q>	33	34	51	50	</Q>
33	<Q>	35	36	53	52	</Q>
34	<Q>	36	37	54	53	</Q>
35	<Q>	37	38	55	54	</Q>
36	<Q>	38	39	56	55	</Q>
37	<Q>	39	40	57	56	</Q>
38	<Q>	40	41	58	57	</Q>
39	<Q>	41	42	59	58	</Q>
40	<Q>	42	43	60	59	</Q>
41	<Q>	43	44	61	60	</Q>
42	<Q>	44	45	62	61	</Q>
43	<Q>	45	46	63	62	</Q>
44	<Q>	46	47	64	63	</Q>
45	<Q>	47	48	65	64	</Q>
46	<Q>	48	49	66	65	</Q>
47	<Q>	49	50	67	66	</Q>
48	<Q>	50	51	68	67	</Q>
49	<Q>	52	53	70	69	</Q>
50	<Q>	53	54	71	70	</Q>
51	<Q>	54	55	72	71	</Q>
52	<Q>	55	56	73	72	</Q>
53	<Q>	56	57	74	73	</Q>
54	<Q>	57	58	75	74	</Q>
55	<Q>	58	59	76	75	</Q>
56	<Q>	59	60	77	76	</Q>
57	<Q>	60	61	78	77	</Q>
58	<Q>	61	62	79	78	</Q>
59	<Q>	62	63	80	79	</Q>
60	<Q>	63	64	81	80	</Q>
61	<Q>	64	65	82	81	</Q>
62	<Q>	65	66	83	82	</Q>
63	<Q>	66	67	84	83	</Q>
64	<Q>	67	68	85	84	</Q>
65	<Q>	69	70	87	86	</Q>
66	<Q>	70	71	88	87	</Q>
67	<Q>	71	72	89	88	</Q>
68	<Q>	72	73	90	89	</Q>
69	<Q>	73	74	91	90	</Q>
70	<Q>	74	75	92	91	</Q>
71	<Q>	75	76	93	92	</Q>
72	<Q>	76	77	94	93	</Q>
73	<Q>	77	78	95	94	</Q>
74	<Q>	78	79	96	95	</Q>
75	<Q>	79	80	97	96	</Q>
76	<Q>	80	81	98	97	</Q>
77	<Q>	81	82	99	98	</Q>
78	<Q>	82	83	100	99	</Q>
79	<Q>	83	84	101	100	</Q>
80	<Q>	84	85	102	101	</Q>
81	<Q>	86	87	104	103	</Q>
82	<Q>	87	88	105	104	</Q>
83	<Q>	88	89	106	105	</Q>
84	<Q>	89	90	107	106	</Q>
85	<Q>	90	91	108	107	</Q>
86	<Q>	91	92	109	108	</Q>
87	<Q>	92	93	110	109	</Q>
88	<Q>	93	94	111	110	</Q>
89	<Q>	94	95	112	111	</Q>
90	<Q>	95	96	113	112	</Q>
91	<Q>	96	97	114	113	</Q>
92	<Q>	97	98	115	114	</Q>
93	<Q>	98	99	116	115	</Q>
94	<Q>	99	100	117	116	</Q>
95	<Q>	100	101	118	117	</Q>
96	<Q>	101	102	119	118	</Q>
97	<Q>	103	104	121	120	</Q>
98	<Q>	104	105	122	121	</Q>
99	<Q>	105	106	123	122	</Q>
100	<Q>	106	107	124	123	</Q>
101	<Q>	107	108	125	124	</Q>
102	<Q>	108	109	126	125	</Q>
103	<Q>	109	110	127	126	</Q>
104	<Q>	110	111	128	127	</Q>
105	<Q>	111	112	129	128	</Q>
106	<Q>	112	113	130	129	</Q>
107	<Q>	113	114	131	130	</Q>
108	<Q>	114	115	132	131	</Q>
109	<Q>	115	116	133	132	</Q>
110	<Q>	116	117	134	133	</Q>
111	<Q>	117	118	135	134	</Q>
112	<Q>	118	119	136	135	</Q>
113	<Q>	120	121	138	137	</Q>
114	<Q>	121	122	139	138	</Q>
115	<Q>	122	123	140	139	</Q>
116	<Q>	123	124	141	140	</Q>
117	<Q>	124	125	142	141	</Q>
118	<Q>	125	126	143	142	</Q>
119	<Q>	126	127	144	143	</Q>
120	<Q>	127	128	145	144	</Q>
121	<Q>	128	129	146	145	</Q>
122	<Q>	129	130	147	146	</Q>
123	<Q>	130	131	148	147	</Q>
124	<Q>	131	132	149	148	</Q>
125	<Q>	132	133	150	149	</Q>
126	<Q>	133	134	151	150	</Q>
127	<Q>	134	135	152	151	</Q>
128	<Q>	135	136	153	152	</Q>
129	<Q>	137	138	155	154	</Q>
130	<Q>	138	139	156	155	</Q>
131	<Q>	139	140	157	156	</Q>
132	<Q>	140	141	158	157	</Q>
133	<Q>	141	142	159	158	</Q>
134	<Q>	142	143	160	159	</Q>
135	<Q>	143	144	161	160	</Q>
136	<Q>	144	145	162	161	</Q>
137	<Q>	145	146	163	162	</Q>
138	<Q>	146	147	164	163	</Q>
139	<Q>	147	148	165	164	</Q>
140	<Q>	148	149	166	165	</Q>
141	<Q>	149	150	167	166	</Q>
142	<Q>	150	151	168	167	</Q>
143	<Q>	151	152	169	168	</Q>
144	<Q>	152	153	170	169	</Q>
145	<Q>	154	155	172	171	</Q>
146	<Q>	155	156	173	172	</Q>
147	<Q>	156	157	174	173	</Q>
148	<Q>	157	158	175	174	</Q>
149	<Q>	158	159	176	175	</Q>
150	<Q>	159	160	177	176	</Q>
151	<Q>	160	161	178	177	</Q>
152	<Q>	161	162	179	178	</Q>
153	<Q>	162	163	180	179	</Q>
154	<Q>	163	164	181	180	</Q>
155	<Q>	164	165	182	181	</Q>
156	<Q>	165	166	183	182	</Q>
157	<Q>	166	167	184	183	</Q>
158	<Q>	167	168	185	184	</Q>
159	<Q>	168	169	186	185	</Q>
160	<Q>	169	170	187	186	</Q>
161	<Q>	171	172	189	188	</Q>
162	<Q>	172	173	190	189	</Q>
163	<Q>	173	174	191	190	</Q>
164	<Q>	174	175	192	191	</Q>
165	<Q>	175	176	193	192	</Q>
166	<Q>	176	177	194	193	</Q>
167	<Q>	177	178	195	194	</Q>
168	<Q>	178	179	196	195	</Q>
169	<Q>	179	180	197	196	</Q>
170	<Q>	180	181	198	197	</Q>
171	<Q>	181	182	199	198	</Q>
172	<Q>	182	183	200	199	</Q>
173	<Q>	183	184	201	200	</Q>
174	<Q>	184	185	202	201	</Q>
175	<Q>	185	186	203	202	</Q>
176	<Q>	186	187	204	203	</Q>
177	<Q>	188	189	206	205	</Q>
178	<Q>	189	190	207	206	</Q>
179	<Q>	190	191	208	207	</Q>
180	<Q>	191	192	209	208	</Q>
181	<Q>	192	193	210	209	</Q>
182	<Q>	193	194	211	210	</Q>
183	<Q>	194	195	212	211	</Q>
184	<Q>	195	196	213	212	</Q>
185	<Q>	196	197	214	213	</Q>
186	<Q>	197	198	215	214	</Q>
187	<Q>	198	199	216	215	</Q>
188	<Q>	199	200	217	216	</Q>
189	<Q>	200	201	218	217	</Q>
190	<Q>	201	202	219	218	</Q>
191	<Q>	202	203	220	219	</Q>
192	<Q>	203	204	221	220	</Q>
193	<Q>	205	206	223	222	</Q>
194	<Q>	206	207	224	223	</Q>
195	<Q>	207	208	225	224	</Q>
196	<Q>	208	209	226	225	</Q>
197	<Q>	209	210	227	226	</Q>
198	<Q>	210	211	228	227	</Q>
199	<Q>	211	212	229	228	</Q>
200	<Q>	212	213	230	229	</Q>
201	<Q>	213	214	231	230	</Q>
202	<Q>	214	215	232	231	</Q>
203	<Q>	215	216	233	232	</Q>
204	<Q>	216	217	234	233	</Q>
205	<Q>	217	218	235	234	</Q>
206	<Q>	218	219	236	235	</Q>
207	<Q>	219	220	237	236	</Q>
208	<Q>	220	221	238	237	</Q>
209	<Q>	222	223	240	239	</Q>
210	<Q>	223	224	241	240	</Q>
211	<Q>	224	225	242	241	</Q>
212	<Q>	225	226	243	242	</Q>
213	<Q>	226	227	244	243	</Q>
214	<Q>	227	228	245	244	</Q>
215	<Q>	228	229	246	245	</Q>
216	<Q>	229	230	247	246	</Q>
217	<Q>	230	231	248	247	</Q>
218	<Q>	231	232	249	248	</Q>
219	<Q>	232	233	250	249	</Q>
220	<Q>	233	234	251	250	</Q>
221	<Q>	234	235	252	251	</Q>
222	<Q>	235	236	253	252	</Q>
223	<Q>	236	237	254	253	</Q>
224	<Q>	237	238	255	254	</Q>
225	<Q>	239	240	257	256	</Q>
226	<Q>	240	241	258	257	</Q>
227	<Q>	241	242	259	258	</Q>
228	<Q>	242	243	260	259	</Q>
229	<Q>	243	244	261	260	</Q>
230	<Q>	244	245	262	261	</Q>
231	<Q>	245	246	263	262	</Q>
232	<Q>	246	247	264	263	</Q>
233	<Q>	247	248	265	264	</Q>
234	<Q>	248	249	266	265	</Q>
235	<Q>	249	250	267	266	</Q>
236	<Q>	250	251	268	267	</Q>
237	<Q>	251	252	269	268	</Q>
238	<Q>	252	253	270	269	</Q>
239	<Q>	253	254	271	270	</Q>
240	<Q>	254	255	272	271	</Q>
241	<Q>	256	257	274	273	</Q>
242	<Q>	257	258	275	274	</Q>
243	<Q>	258	259	276	275	</Q>
244	<Q>	259	260	277	276	</Q>
245	<Q>	260	261	278	277	</Q>
246	<Q>	261	262	279	278	</Q>
247	<Q>	262	263	280	279	</Q>
248	<Q>	263	264	281	280	</Q>
249	<Q>	264	265	282	281	</Q>
250	<Q>	265	266	283	282	</Q>
251	<Q>	266	267	284	283	</Q>
252	<Q>	267	268	285	284	</Q>
253	<Q>	268	269	286	285	</Q>
254	<Q>	269	270	287	286	</Q>
255	<Q>	270	271	288	287	</Q>
256	<Q>	271	272	289	288	</Q>
</ELEMENTS>
<SURFACES NUMBER=32>
1	1	1	<P>	241	3	</P>
2	2	1	<P>	242	3	</P>
3	3	1	<P>	243	3	</P>
4	4	1	<P>	244	3	</P>
5	5	1	<P>	245	3	</P>
6	6	1	<P>	246	3	</P>
7	7	1	<P>	247	3	</P>
8	8	1	<P>	248	3	</P>
9	9	1	<P>	249	3	</P>
10	10	1	<P>	250	3	</P>
11	11	1	<P>	251	3	</P>
12	12	1	<P>	252	3	</P>
13	13	1	<P>	253	3	</P>
14	14	1	<P>	254	3	</P>
15	15	1	<P>	255	3	</P>
16	16	1	<P>	256	3	</P>
1	1	4	<P>	16	2	</P>
2	17	4	<P>	32	2	</P>
3	33	4	<P>	48	2	</P>
4	49	4	<P>	64	2	</P>
5	65	4	<P>	80	2	</P>
6	81	4	<P>	96	2	</P>
7	97	4	<P>	112	2	</P>
8	113	4	<P>	128	2	</P>
9	129	4	<P>	144	2	</P>
10	145	4	<P>	160	2	</P>
11	161	4	<P>	176	2	</P>
12	177	4	<P>	192	2	</P>
13	193	4	<P>	208	2	</P>
14	209	4	<P>	224	2	</P>
15	225	4	<P>	240	2	</P>
16	241	4	<P>	256	2	</P>
</SURFACES>
