##############################################################################
# A session file to study the evolution of the Taylor-Green vortex
# initial condition in a periodic box with side lengths TWOPI and at
# Reynolds number 1600.  32 x # 32 elements cover the x--y plane, 256
# planes (128 Fourier nodes) of # data in the z direction.
#
# See Van Rees et al. (2011) J Comput Phys 230:2794--2805
# and Wang et al. (2013) I J Num Meth Fluids 72:811--845
##############################################################################

<FIELDS>
    u v w p
</FIELDS>

<USER>
    u =  sin(x)*cos(y)*cos(z)
    v = -cos(x)*sin(y)*cos(z)
    w = 0
    p = 0
</USER>

<TOKENS>
    D_T      = 0.0025
    TOL_REL  = 1.0e-8
    KINVIS   = 1/1600
    N_TIME   = 3
    N_P      = 8
    N_Z      = 256
    BETA     = 1
    N_STEP   = 8000
    IO_CFL   = 50
    IO_FLD   = 50
    CHKPOINT = 0
</TOKENS>

<NODES NUMBER=1089>
1	0.0	0.0	0
2	0.196349540849	0.0	0
3	0.392699081699	0.0	0
4	0.589048622548	0.0	0
5	0.785398163397	0.0	0
6	0.981747704247	0.0	0
7	1.1780972451	0.0	0
8	1.37444678595	0.0	0
9	1.57079632679	0.0	0
10	1.76714586764	0.0	0
11	1.96349540849	0.0	0
12	2.15984494934	0.0	0
13	2.35619449019	0.0	0
14	2.55254403104	0.0	0
15	2.74889357189	0.0	0
16	2.94524311274	0.0	0
17	3.14159265359	0.0	0
18	3.33794219444	0.0	0
19	3.53429173529	0.0	0
20	3.73064127614	0.0	0
21	3.92699081699	0.0	0
22	4.12334035784	0.0	0
23	4.31968989869	0.0	0
24	4.51603943954	0.0	0
25	4.71238898038	0.0	0
26	4.90873852123	0.0	0
27	5.10508806208	0.0	0
28	5.30143760293	0.0	0
29	5.49778714378	0.0	0
30	5.69413668463	0.0	0
31	5.89048622548	0.0	0
32	6.08683576633	0.0	0
33	6.28318530718	0.0	0
34	0.0	0.196349540849	0
35	0.196349540849	0.196349540849	0
36	0.392699081699	0.196349540849	0
37	0.589048622548	0.196349540849	0
38	0.785398163397	0.196349540849	0
39	0.981747704247	0.196349540849	0
40	1.1780972451	0.196349540849	0
41	1.37444678595	0.196349540849	0
42	1.57079632679	0.196349540849	0
43	1.76714586764	0.196349540849	0
44	1.96349540849	0.196349540849	0
45	2.15984494934	0.196349540849	0
46	2.35619449019	0.196349540849	0
47	2.55254403104	0.196349540849	0
48	2.74889357189	0.196349540849	0
49	2.94524311274	0.196349540849	0
50	3.14159265359	0.196349540849	0
51	3.33794219444	0.196349540849	0
52	3.53429173529	0.196349540849	0
53	3.73064127614	0.196349540849	0
54	3.92699081699	0.196349540849	0
55	4.12334035784	0.196349540849	0
56	4.31968989869	0.196349540849	0
57	4.51603943954	0.196349540849	0
58	4.71238898038	0.196349540849	0
59	4.90873852123	0.196349540849	0
60	5.10508806208	0.196349540849	0
61	5.30143760293	0.196349540849	0
62	5.49778714378	0.196349540849	0
63	5.69413668463	0.196349540849	0
64	5.89048622548	0.196349540849	0
65	6.08683576633	0.196349540849	0
66	6.28318530718	0.196349540849	0
67	0.0	0.392699081699	0
68	0.196349540849	0.392699081699	0
69	0.392699081699	0.392699081699	0
70	0.589048622548	0.392699081699	0
71	0.785398163397	0.392699081699	0
72	0.981747704247	0.392699081699	0
73	1.1780972451	0.392699081699	0
74	1.37444678595	0.392699081699	0
75	1.57079632679	0.392699081699	0
76	1.76714586764	0.392699081699	0
77	1.96349540849	0.392699081699	0
78	2.15984494934	0.392699081699	0
79	2.35619449019	0.392699081699	0
80	2.55254403104	0.392699081699	0
81	2.74889357189	0.392699081699	0
82	2.94524311274	0.392699081699	0
83	3.14159265359	0.392699081699	0
84	3.33794219444	0.392699081699	0
85	3.53429173529	0.392699081699	0
86	3.73064127614	0.392699081699	0
87	3.92699081699	0.392699081699	0
88	4.12334035784	0.392699081699	0
89	4.31968989869	0.392699081699	0
90	4.51603943954	0.392699081699	0
91	4.71238898038	0.392699081699	0
92	4.90873852123	0.392699081699	0
93	5.10508806208	0.392699081699	0
94	5.30143760293	0.392699081699	0
95	5.49778714378	0.392699081699	0
96	5.69413668463	0.392699081699	0
97	5.89048622548	0.392699081699	0
98	6.08683576633	0.392699081699	0
99	6.28318530718	0.392699081699	0
100	0.0	0.589048622548	0
101	0.196349540849	0.589048622548	0
102	0.392699081699	0.589048622548	0
103	0.589048622548	0.589048622548	0
104	0.785398163397	0.589048622548	0
105	0.981747704247	0.589048622548	0
106	1.1780972451	0.589048622548	0
107	1.37444678595	0.589048622548	0
108	1.57079632679	0.589048622548	0
109	1.76714586764	0.589048622548	0
110	1.96349540849	0.589048622548	0
111	2.15984494934	0.589048622548	0
112	2.35619449019	0.589048622548	0
113	2.55254403104	0.589048622548	0
114	2.74889357189	0.589048622548	0
115	2.94524311274	0.589048622548	0
116	3.14159265359	0.589048622548	0
117	3.33794219444	0.589048622548	0
118	3.53429173529	0.589048622548	0
119	3.73064127614	0.589048622548	0
120	3.92699081699	0.589048622548	0
121	4.12334035784	0.589048622548	0
122	4.31968989869	0.589048622548	0
123	4.51603943954	0.589048622548	0
124	4.71238898038	0.589048622548	0
125	4.90873852123	0.589048622548	0
126	5.10508806208	0.589048622548	0
127	5.30143760293	0.589048622548	0
128	5.49778714378	0.589048622548	0
129	5.69413668463	0.589048622548	0
130	5.89048622548	0.589048622548	0
131	6.08683576633	0.589048622548	0
132	6.28318530718	0.589048622548	0
133	0.0	0.785398163397	0
134	0.196349540849	0.785398163397	0
135	0.392699081699	0.785398163397	0
136	0.589048622548	0.785398163397	0
137	0.785398163397	0.785398163397	0
138	0.981747704247	0.785398163397	0
139	1.1780972451	0.785398163397	0
140	1.37444678595	0.785398163397	0
141	1.57079632679	0.785398163397	0
142	1.76714586764	0.785398163397	0
143	1.96349540849	0.785398163397	0
144	2.15984494934	0.785398163397	0
145	2.35619449019	0.785398163397	0
146	2.55254403104	0.785398163397	0
147	2.74889357189	0.785398163397	0
148	2.94524311274	0.785398163397	0
149	3.14159265359	0.785398163397	0
150	3.33794219444	0.785398163397	0
151	3.53429173529	0.785398163397	0
152	3.73064127614	0.785398163397	0
153	3.92699081699	0.785398163397	0
154	4.12334035784	0.785398163397	0
155	4.31968989869	0.785398163397	0
156	4.51603943954	0.785398163397	0
157	4.71238898038	0.785398163397	0
158	4.90873852123	0.785398163397	0
159	5.10508806208	0.785398163397	0
160	5.30143760293	0.785398163397	0
161	5.49778714378	0.785398163397	0
162	5.69413668463	0.785398163397	0
163	5.89048622548	0.785398163397	0
164	6.08683576633	0.785398163397	0
165	6.28318530718	0.785398163397	0
166	0.0	0.981747704247	0
167	0.196349540849	0.981747704247	0
168	0.392699081699	0.981747704247	0
169	0.589048622548	0.981747704247	0
170	0.785398163397	0.981747704247	0
171	0.981747704247	0.981747704247	0
172	1.1780972451	0.981747704247	0
173	1.37444678595	0.981747704247	0
174	1.57079632679	0.981747704247	0
175	1.76714586764	0.981747704247	0
176	1.96349540849	0.981747704247	0
177	2.15984494934	0.981747704247	0
178	2.35619449019	0.981747704247	0
179	2.55254403104	0.981747704247	0
180	2.74889357189	0.981747704247	0
181	2.94524311274	0.981747704247	0
182	3.14159265359	0.981747704247	0
183	3.33794219444	0.981747704247	0
184	3.53429173529	0.981747704247	0
185	3.73064127614	0.981747704247	0
186	3.92699081699	0.981747704247	0
187	4.12334035784	0.981747704247	0
188	4.31968989869	0.981747704247	0
189	4.51603943954	0.981747704247	0
190	4.71238898038	0.981747704247	0
191	4.90873852123	0.981747704247	0
192	5.10508806208	0.981747704247	0
193	5.30143760293	0.981747704247	0
194	5.49778714378	0.981747704247	0
195	5.69413668463	0.981747704247	0
196	5.89048622548	0.981747704247	0
197	6.08683576633	0.981747704247	0
198	6.28318530718	0.981747704247	0
199	0.0	1.1780972451	0
200	0.196349540849	1.1780972451	0
201	0.392699081699	1.1780972451	0
202	0.589048622548	1.1780972451	0
203	0.785398163397	1.1780972451	0
204	0.981747704247	1.1780972451	0
205	1.1780972451	1.1780972451	0
206	1.37444678595	1.1780972451	0
207	1.57079632679	1.1780972451	0
208	1.76714586764	1.1780972451	0
209	1.96349540849	1.1780972451	0
210	2.15984494934	1.1780972451	0
211	2.35619449019	1.1780972451	0
212	2.55254403104	1.1780972451	0
213	2.74889357189	1.1780972451	0
214	2.94524311274	1.1780972451	0
215	3.14159265359	1.1780972451	0
216	3.33794219444	1.1780972451	0
217	3.53429173529	1.1780972451	0
218	3.73064127614	1.1780972451	0
219	3.92699081699	1.1780972451	0
220	4.12334035784	1.1780972451	0
221	4.31968989869	1.1780972451	0
222	4.51603943954	1.1780972451	0
223	4.71238898038	1.1780972451	0
224	4.90873852123	1.1780972451	0
225	5.10508806208	1.1780972451	0
226	5.30143760293	1.1780972451	0
227	5.49778714378	1.1780972451	0
228	5.69413668463	1.1780972451	0
229	5.89048622548	1.1780972451	0
230	6.08683576633	1.1780972451	0
231	6.28318530718	1.1780972451	0
232	0.0	1.37444678595	0
233	0.196349540849	1.37444678595	0
234	0.392699081699	1.37444678595	0
235	0.589048622548	1.37444678595	0
236	0.785398163397	1.37444678595	0
237	0.981747704247	1.37444678595	0
238	1.1780972451	1.37444678595	0
239	1.37444678595	1.37444678595	0
240	1.57079632679	1.37444678595	0
241	1.76714586764	1.37444678595	0
242	1.96349540849	1.37444678595	0
243	2.15984494934	1.37444678595	0
244	2.35619449019	1.37444678595	0
245	2.55254403104	1.37444678595	0
246	2.74889357189	1.37444678595	0
247	2.94524311274	1.37444678595	0
248	3.14159265359	1.37444678595	0
249	3.33794219444	1.37444678595	0
250	3.53429173529	1.37444678595	0
251	3.73064127614	1.37444678595	0
252	3.92699081699	1.37444678595	0
253	4.12334035784	1.37444678595	0
254	4.31968989869	1.37444678595	0
255	4.51603943954	1.37444678595	0
256	4.71238898038	1.37444678595	0
257	4.90873852123	1.37444678595	0
258	5.10508806208	1.37444678595	0
259	5.30143760293	1.37444678595	0
260	5.49778714378	1.37444678595	0
261	5.69413668463	1.37444678595	0
262	5.89048622548	1.37444678595	0
263	6.08683576633	1.37444678595	0
264	6.28318530718	1.37444678595	0
265	0.0	1.57079632679	0
266	0.196349540849	1.57079632679	0
267	0.392699081699	1.57079632679	0
268	0.589048622548	1.57079632679	0
269	0.785398163397	1.57079632679	0
270	0.981747704247	1.57079632679	0
271	1.1780972451	1.57079632679	0
272	1.37444678595	1.57079632679	0
273	1.57079632679	1.57079632679	0
274	1.76714586764	1.57079632679	0
275	1.96349540849	1.57079632679	0
276	2.15984494934	1.57079632679	0
277	2.35619449019	1.57079632679	0
278	2.55254403104	1.57079632679	0
279	2.74889357189	1.57079632679	0
280	2.94524311274	1.57079632679	0
281	3.14159265359	1.57079632679	0
282	3.33794219444	1.57079632679	0
283	3.53429173529	1.57079632679	0
284	3.73064127614	1.57079632679	0
285	3.92699081699	1.57079632679	0
286	4.12334035784	1.57079632679	0
287	4.31968989869	1.57079632679	0
288	4.51603943954	1.57079632679	0
289	4.71238898038	1.57079632679	0
290	4.90873852123	1.57079632679	0
291	5.10508806208	1.57079632679	0
292	5.30143760293	1.57079632679	0
293	5.49778714378	1.57079632679	0
294	5.69413668463	1.57079632679	0
295	5.89048622548	1.57079632679	0
296	6.08683576633	1.57079632679	0
297	6.28318530718	1.57079632679	0
298	0.0	1.76714586764	0
299	0.196349540849	1.76714586764	0
300	0.392699081699	1.76714586764	0
301	0.589048622548	1.76714586764	0
302	0.785398163397	1.76714586764	0
303	0.981747704247	1.76714586764	0
304	1.1780972451	1.76714586764	0
305	1.37444678595	1.76714586764	0
306	1.57079632679	1.76714586764	0
307	1.76714586764	1.76714586764	0
308	1.96349540849	1.76714586764	0
309	2.15984494934	1.76714586764	0
310	2.35619449019	1.76714586764	0
311	2.55254403104	1.76714586764	0
312	2.74889357189	1.76714586764	0
313	2.94524311274	1.76714586764	0
314	3.14159265359	1.76714586764	0
315	3.33794219444	1.76714586764	0
316	3.53429173529	1.76714586764	0
317	3.73064127614	1.76714586764	0
318	3.92699081699	1.76714586764	0
319	4.12334035784	1.76714586764	0
320	4.31968989869	1.76714586764	0
321	4.51603943954	1.76714586764	0
322	4.71238898038	1.76714586764	0
323	4.90873852123	1.76714586764	0
324	5.10508806208	1.76714586764	0
325	5.30143760293	1.76714586764	0
326	5.49778714378	1.76714586764	0
327	5.69413668463	1.76714586764	0
328	5.89048622548	1.76714586764	0
329	6.08683576633	1.76714586764	0
330	6.28318530718	1.76714586764	0
331	0.0	1.96349540849	0
332	0.196349540849	1.96349540849	0
333	0.392699081699	1.96349540849	0
334	0.589048622548	1.96349540849	0
335	0.785398163397	1.96349540849	0
336	0.981747704247	1.96349540849	0
337	1.1780972451	1.96349540849	0
338	1.37444678595	1.96349540849	0
339	1.57079632679	1.96349540849	0
340	1.76714586764	1.96349540849	0
341	1.96349540849	1.96349540849	0
342	2.15984494934	1.96349540849	0
343	2.35619449019	1.96349540849	0
344	2.55254403104	1.96349540849	0
345	2.74889357189	1.96349540849	0
346	2.94524311274	1.96349540849	0
347	3.14159265359	1.96349540849	0
348	3.33794219444	1.96349540849	0
349	3.53429173529	1.96349540849	0
350	3.73064127614	1.96349540849	0
351	3.92699081699	1.96349540849	0
352	4.12334035784	1.96349540849	0
353	4.31968989869	1.96349540849	0
354	4.51603943954	1.96349540849	0
355	4.71238898038	1.96349540849	0
356	4.90873852123	1.96349540849	0
357	5.10508806208	1.96349540849	0
358	5.30143760293	1.96349540849	0
359	5.49778714378	1.96349540849	0
360	5.69413668463	1.96349540849	0
361	5.89048622548	1.96349540849	0
362	6.08683576633	1.96349540849	0
363	6.28318530718	1.96349540849	0
364	0.0	2.15984494934	0
365	0.196349540849	2.15984494934	0
366	0.392699081699	2.15984494934	0
367	0.589048622548	2.15984494934	0
368	0.785398163397	2.15984494934	0
369	0.981747704247	2.15984494934	0
370	1.1780972451	2.15984494934	0
371	1.37444678595	2.15984494934	0
372	1.57079632679	2.15984494934	0
373	1.76714586764	2.15984494934	0
374	1.96349540849	2.15984494934	0
375	2.15984494934	2.15984494934	0
376	2.35619449019	2.15984494934	0
377	2.55254403104	2.15984494934	0
378	2.74889357189	2.15984494934	0
379	2.94524311274	2.15984494934	0
380	3.14159265359	2.15984494934	0
381	3.33794219444	2.15984494934	0
382	3.53429173529	2.15984494934	0
383	3.73064127614	2.15984494934	0
384	3.92699081699	2.15984494934	0
385	4.12334035784	2.15984494934	0
386	4.31968989869	2.15984494934	0
387	4.51603943954	2.15984494934	0
388	4.71238898038	2.15984494934	0
389	4.90873852123	2.15984494934	0
390	5.10508806208	2.15984494934	0
391	5.30143760293	2.15984494934	0
392	5.49778714378	2.15984494934	0
393	5.69413668463	2.15984494934	0
394	5.89048622548	2.15984494934	0
395	6.08683576633	2.15984494934	0
396	6.28318530718	2.15984494934	0
397	0.0	2.35619449019	0
398	0.196349540849	2.35619449019	0
399	0.392699081699	2.35619449019	0
400	0.589048622548	2.35619449019	0
401	0.785398163397	2.35619449019	0
402	0.981747704247	2.35619449019	0
403	1.1780972451	2.35619449019	0
404	1.37444678595	2.35619449019	0
405	1.57079632679	2.35619449019	0
406	1.76714586764	2.35619449019	0
407	1.96349540849	2.35619449019	0
408	2.15984494934	2.35619449019	0
409	2.35619449019	2.35619449019	0
410	2.55254403104	2.35619449019	0
411	2.74889357189	2.35619449019	0
412	2.94524311274	2.35619449019	0
413	3.14159265359	2.35619449019	0
414	3.33794219444	2.35619449019	0
415	3.53429173529	2.35619449019	0
416	3.73064127614	2.35619449019	0
417	3.92699081699	2.35619449019	0
418	4.12334035784	2.35619449019	0
419	4.31968989869	2.35619449019	0
420	4.51603943954	2.35619449019	0
421	4.71238898038	2.35619449019	0
422	4.90873852123	2.35619449019	0
423	5.10508806208	2.35619449019	0
424	5.30143760293	2.35619449019	0
425	5.49778714378	2.35619449019	0
426	5.69413668463	2.35619449019	0
427	5.89048622548	2.35619449019	0
428	6.08683576633	2.35619449019	0
429	6.28318530718	2.35619449019	0
430	0.0	2.55254403104	0
431	0.196349540849	2.55254403104	0
432	0.392699081699	2.55254403104	0
433	0.589048622548	2.55254403104	0
434	0.785398163397	2.55254403104	0
435	0.981747704247	2.55254403104	0
436	1.1780972451	2.55254403104	0
437	1.37444678595	2.55254403104	0
438	1.57079632679	2.55254403104	0
439	1.76714586764	2.55254403104	0
440	1.96349540849	2.55254403104	0
441	2.15984494934	2.55254403104	0
442	2.35619449019	2.55254403104	0
443	2.55254403104	2.55254403104	0
444	2.74889357189	2.55254403104	0
445	2.94524311274	2.55254403104	0
446	3.14159265359	2.55254403104	0
447	3.33794219444	2.55254403104	0
448	3.53429173529	2.55254403104	0
449	3.73064127614	2.55254403104	0
450	3.92699081699	2.55254403104	0
451	4.12334035784	2.55254403104	0
452	4.31968989869	2.55254403104	0
453	4.51603943954	2.55254403104	0
454	4.71238898038	2.55254403104	0
455	4.90873852123	2.55254403104	0
456	5.10508806208	2.55254403104	0
457	5.30143760293	2.55254403104	0
458	5.49778714378	2.55254403104	0
459	5.69413668463	2.55254403104	0
460	5.89048622548	2.55254403104	0
461	6.08683576633	2.55254403104	0
462	6.28318530718	2.55254403104	0
463	0.0	2.74889357189	0
464	0.196349540849	2.74889357189	0
465	0.392699081699	2.74889357189	0
466	0.589048622548	2.74889357189	0
467	0.785398163397	2.74889357189	0
468	0.981747704247	2.74889357189	0
469	1.1780972451	2.74889357189	0
470	1.37444678595	2.74889357189	0
471	1.57079632679	2.74889357189	0
472	1.76714586764	2.74889357189	0
473	1.96349540849	2.74889357189	0
474	2.15984494934	2.74889357189	0
475	2.35619449019	2.74889357189	0
476	2.55254403104	2.74889357189	0
477	2.74889357189	2.74889357189	0
478	2.94524311274	2.74889357189	0
479	3.14159265359	2.74889357189	0
480	3.33794219444	2.74889357189	0
481	3.53429173529	2.74889357189	0
482	3.73064127614	2.74889357189	0
483	3.92699081699	2.74889357189	0
484	4.12334035784	2.74889357189	0
485	4.31968989869	2.74889357189	0
486	4.51603943954	2.74889357189	0
487	4.71238898038	2.74889357189	0
488	4.90873852123	2.74889357189	0
489	5.10508806208	2.74889357189	0
490	5.30143760293	2.74889357189	0
491	5.49778714378	2.74889357189	0
492	5.69413668463	2.74889357189	0
493	5.89048622548	2.74889357189	0
494	6.08683576633	2.74889357189	0
495	6.28318530718	2.74889357189	0
496	0.0	2.94524311274	0
497	0.196349540849	2.94524311274	0
498	0.392699081699	2.94524311274	0
499	0.589048622548	2.94524311274	0
500	0.785398163397	2.94524311274	0
501	0.981747704247	2.94524311274	0
502	1.1780972451	2.94524311274	0
503	1.37444678595	2.94524311274	0
504	1.57079632679	2.94524311274	0
505	1.76714586764	2.94524311274	0
506	1.96349540849	2.94524311274	0
507	2.15984494934	2.94524311274	0
508	2.35619449019	2.94524311274	0
509	2.55254403104	2.94524311274	0
510	2.74889357189	2.94524311274	0
511	2.94524311274	2.94524311274	0
512	3.14159265359	2.94524311274	0
513	3.33794219444	2.94524311274	0
514	3.53429173529	2.94524311274	0
515	3.73064127614	2.94524311274	0
516	3.92699081699	2.94524311274	0
517	4.12334035784	2.94524311274	0
518	4.31968989869	2.94524311274	0
519	4.51603943954	2.94524311274	0
520	4.71238898038	2.94524311274	0
521	4.90873852123	2.94524311274	0
522	5.10508806208	2.94524311274	0
523	5.30143760293	2.94524311274	0
524	5.49778714378	2.94524311274	0
525	5.69413668463	2.94524311274	0
526	5.89048622548	2.94524311274	0
527	6.08683576633	2.94524311274	0
528	6.28318530718	2.94524311274	0
529	0.0	3.14159265359	0
530	0.196349540849	3.14159265359	0
531	0.392699081699	3.14159265359	0
532	0.589048622548	3.14159265359	0
533	0.785398163397	3.14159265359	0
534	0.981747704247	3.14159265359	0
535	1.1780972451	3.14159265359	0
536	1.37444678595	3.14159265359	0
537	1.57079632679	3.14159265359	0
538	1.76714586764	3.14159265359	0
539	1.96349540849	3.14159265359	0
540	2.15984494934	3.14159265359	0
541	2.35619449019	3.14159265359	0
542	2.55254403104	3.14159265359	0
543	2.74889357189	3.14159265359	0
544	2.94524311274	3.14159265359	0
545	3.14159265359	3.14159265359	0
546	3.33794219444	3.14159265359	0
547	3.53429173529	3.14159265359	0
548	3.73064127614	3.14159265359	0
549	3.92699081699	3.14159265359	0
550	4.12334035784	3.14159265359	0
551	4.31968989869	3.14159265359	0
552	4.51603943954	3.14159265359	0
553	4.71238898038	3.14159265359	0
554	4.90873852123	3.14159265359	0
555	5.10508806208	3.14159265359	0
556	5.30143760293	3.14159265359	0
557	5.49778714378	3.14159265359	0
558	5.69413668463	3.14159265359	0
559	5.89048622548	3.14159265359	0
560	6.08683576633	3.14159265359	0
561	6.28318530718	3.14159265359	0
562	0.0	3.33794219444	0
563	0.196349540849	3.33794219444	0
564	0.392699081699	3.33794219444	0
565	0.589048622548	3.33794219444	0
566	0.785398163397	3.33794219444	0
567	0.981747704247	3.33794219444	0
568	1.1780972451	3.33794219444	0
569	1.37444678595	3.33794219444	0
570	1.57079632679	3.33794219444	0
571	1.76714586764	3.33794219444	0
572	1.96349540849	3.33794219444	0
573	2.15984494934	3.33794219444	0
574	2.35619449019	3.33794219444	0
575	2.55254403104	3.33794219444	0
576	2.74889357189	3.33794219444	0
577	2.94524311274	3.33794219444	0
578	3.14159265359	3.33794219444	0
579	3.33794219444	3.33794219444	0
580	3.53429173529	3.33794219444	0
581	3.73064127614	3.33794219444	0
582	3.92699081699	3.33794219444	0
583	4.12334035784	3.33794219444	0
584	4.31968989869	3.33794219444	0
585	4.51603943954	3.33794219444	0
586	4.71238898038	3.33794219444	0
587	4.90873852123	3.33794219444	0
588	5.10508806208	3.33794219444	0
589	5.30143760293	3.33794219444	0
590	5.49778714378	3.33794219444	0
591	5.69413668463	3.33794219444	0
592	5.89048622548	3.33794219444	0
593	6.08683576633	3.33794219444	0
594	6.28318530718	3.33794219444	0
595	0.0	3.53429173529	0
596	0.196349540849	3.53429173529	0
597	0.392699081699	3.53429173529	0
598	0.589048622548	3.53429173529	0
599	0.785398163397	3.53429173529	0
600	0.981747704247	3.53429173529	0
601	1.1780972451	3.53429173529	0
602	1.37444678595	3.53429173529	0
603	1.57079632679	3.53429173529	0
604	1.76714586764	3.53429173529	0
605	1.96349540849	3.53429173529	0
606	2.15984494934	3.53429173529	0
607	2.35619449019	3.53429173529	0
608	2.55254403104	3.53429173529	0
609	2.74889357189	3.53429173529	0
610	2.94524311274	3.53429173529	0
611	3.14159265359	3.53429173529	0
612	3.33794219444	3.53429173529	0
613	3.53429173529	3.53429173529	0
614	3.73064127614	3.53429173529	0
615	3.92699081699	3.53429173529	0
616	4.12334035784	3.53429173529	0
617	4.31968989869	3.53429173529	0
618	4.51603943954	3.53429173529	0
619	4.71238898038	3.53429173529	0
620	4.90873852123	3.53429173529	0
621	5.10508806208	3.53429173529	0
622	5.30143760293	3.53429173529	0
623	5.49778714378	3.53429173529	0
624	5.69413668463	3.53429173529	0
625	5.89048622548	3.53429173529	0
626	6.08683576633	3.53429173529	0
627	6.28318530718	3.53429173529	0
628	0.0	3.73064127614	0
629	0.196349540849	3.73064127614	0
630	0.392699081699	3.73064127614	0
631	0.589048622548	3.73064127614	0
632	0.785398163397	3.73064127614	0
633	0.981747704247	3.73064127614	0
634	1.1780972451	3.73064127614	0
635	1.37444678595	3.73064127614	0
636	1.57079632679	3.73064127614	0
637	1.76714586764	3.73064127614	0
638	1.96349540849	3.73064127614	0
639	2.15984494934	3.73064127614	0
640	2.35619449019	3.73064127614	0
641	2.55254403104	3.73064127614	0
642	2.74889357189	3.73064127614	0
643	2.94524311274	3.73064127614	0
644	3.14159265359	3.73064127614	0
645	3.33794219444	3.73064127614	0
646	3.53429173529	3.73064127614	0
647	3.73064127614	3.73064127614	0
648	3.92699081699	3.73064127614	0
649	4.12334035784	3.73064127614	0
650	4.31968989869	3.73064127614	0
651	4.51603943954	3.73064127614	0
652	4.71238898038	3.73064127614	0
653	4.90873852123	3.73064127614	0
654	5.10508806208	3.73064127614	0
655	5.30143760293	3.73064127614	0
656	5.49778714378	3.73064127614	0
657	5.69413668463	3.73064127614	0
658	5.89048622548	3.73064127614	0
659	6.08683576633	3.73064127614	0
660	6.28318530718	3.73064127614	0
661	0.0	3.92699081699	0
662	0.196349540849	3.92699081699	0
663	0.392699081699	3.92699081699	0
664	0.589048622548	3.92699081699	0
665	0.785398163397	3.92699081699	0
666	0.981747704247	3.92699081699	0
667	1.1780972451	3.92699081699	0
668	1.37444678595	3.92699081699	0
669	1.57079632679	3.92699081699	0
670	1.76714586764	3.92699081699	0
671	1.96349540849	3.92699081699	0
672	2.15984494934	3.92699081699	0
673	2.35619449019	3.92699081699	0
674	2.55254403104	3.92699081699	0
675	2.74889357189	3.92699081699	0
676	2.94524311274	3.92699081699	0
677	3.14159265359	3.92699081699	0
678	3.33794219444	3.92699081699	0
679	3.53429173529	3.92699081699	0
680	3.73064127614	3.92699081699	0
681	3.92699081699	3.92699081699	0
682	4.12334035784	3.92699081699	0
683	4.31968989869	3.92699081699	0
684	4.51603943954	3.92699081699	0
685	4.71238898038	3.92699081699	0
686	4.90873852123	3.92699081699	0
687	5.10508806208	3.92699081699	0
688	5.30143760293	3.92699081699	0
689	5.49778714378	3.92699081699	0
690	5.69413668463	3.92699081699	0
691	5.89048622548	3.92699081699	0
692	6.08683576633	3.92699081699	0
693	6.28318530718	3.92699081699	0
694	0.0	4.12334035784	0
695	0.196349540849	4.12334035784	0
696	0.392699081699	4.12334035784	0
697	0.589048622548	4.12334035784	0
698	0.785398163397	4.12334035784	0
699	0.981747704247	4.12334035784	0
700	1.1780972451	4.12334035784	0
701	1.37444678595	4.12334035784	0
702	1.57079632679	4.12334035784	0
703	1.76714586764	4.12334035784	0
704	1.96349540849	4.12334035784	0
705	2.15984494934	4.12334035784	0
706	2.35619449019	4.12334035784	0
707	2.55254403104	4.12334035784	0
708	2.74889357189	4.12334035784	0
709	2.94524311274	4.12334035784	0
710	3.14159265359	4.12334035784	0
711	3.33794219444	4.12334035784	0
712	3.53429173529	4.12334035784	0
713	3.73064127614	4.12334035784	0
714	3.92699081699	4.12334035784	0
715	4.12334035784	4.12334035784	0
716	4.31968989869	4.12334035784	0
717	4.51603943954	4.12334035784	0
718	4.71238898038	4.12334035784	0
719	4.90873852123	4.12334035784	0
720	5.10508806208	4.12334035784	0
721	5.30143760293	4.12334035784	0
722	5.49778714378	4.12334035784	0
723	5.69413668463	4.12334035784	0
724	5.89048622548	4.12334035784	0
725	6.08683576633	4.12334035784	0
726	6.28318530718	4.12334035784	0
727	0.0	4.31968989869	0
728	0.196349540849	4.31968989869	0
729	0.392699081699	4.31968989869	0
730	0.589048622548	4.31968989869	0
731	0.785398163397	4.31968989869	0
732	0.981747704247	4.31968989869	0
733	1.1780972451	4.31968989869	0
734	1.37444678595	4.31968989869	0
735	1.57079632679	4.31968989869	0
736	1.76714586764	4.31968989869	0
737	1.96349540849	4.31968989869	0
738	2.15984494934	4.31968989869	0
739	2.35619449019	4.31968989869	0
740	2.55254403104	4.31968989869	0
741	2.74889357189	4.31968989869	0
742	2.94524311274	4.31968989869	0
743	3.14159265359	4.31968989869	0
744	3.33794219444	4.31968989869	0
745	3.53429173529	4.31968989869	0
746	3.73064127614	4.31968989869	0
747	3.92699081699	4.31968989869	0
748	4.12334035784	4.31968989869	0
749	4.31968989869	4.31968989869	0
750	4.51603943954	4.31968989869	0
751	4.71238898038	4.31968989869	0
752	4.90873852123	4.31968989869	0
753	5.10508806208	4.31968989869	0
754	5.30143760293	4.31968989869	0
755	5.49778714378	4.31968989869	0
756	5.69413668463	4.31968989869	0
757	5.89048622548	4.31968989869	0
758	6.08683576633	4.31968989869	0
759	6.28318530718	4.31968989869	0
760	0.0	4.51603943954	0
761	0.196349540849	4.51603943954	0
762	0.392699081699	4.51603943954	0
763	0.589048622548	4.51603943954	0
764	0.785398163397	4.51603943954	0
765	0.981747704247	4.51603943954	0
766	1.1780972451	4.51603943954	0
767	1.37444678595	4.51603943954	0
768	1.57079632679	4.51603943954	0
769	1.76714586764	4.51603943954	0
770	1.96349540849	4.51603943954	0
771	2.15984494934	4.51603943954	0
772	2.35619449019	4.51603943954	0
773	2.55254403104	4.51603943954	0
774	2.74889357189	4.51603943954	0
775	2.94524311274	4.51603943954	0
776	3.14159265359	4.51603943954	0
777	3.33794219444	4.51603943954	0
778	3.53429173529	4.51603943954	0
779	3.73064127614	4.51603943954	0
780	3.92699081699	4.51603943954	0
781	4.12334035784	4.51603943954	0
782	4.31968989869	4.51603943954	0
783	4.51603943954	4.51603943954	0
784	4.71238898038	4.51603943954	0
785	4.90873852123	4.51603943954	0
786	5.10508806208	4.51603943954	0
787	5.30143760293	4.51603943954	0
788	5.49778714378	4.51603943954	0
789	5.69413668463	4.51603943954	0
790	5.89048622548	4.51603943954	0
791	6.08683576633	4.51603943954	0
792	6.28318530718	4.51603943954	0
793	0.0	4.71238898038	0
794	0.196349540849	4.71238898038	0
795	0.392699081699	4.71238898038	0
796	0.589048622548	4.71238898038	0
797	0.785398163397	4.71238898038	0
798	0.981747704247	4.71238898038	0
799	1.1780972451	4.71238898038	0
800	1.37444678595	4.71238898038	0
801	1.57079632679	4.71238898038	0
802	1.76714586764	4.71238898038	0
803	1.96349540849	4.71238898038	0
804	2.15984494934	4.71238898038	0
805	2.35619449019	4.71238898038	0
806	2.55254403104	4.71238898038	0
807	2.74889357189	4.71238898038	0
808	2.94524311274	4.71238898038	0
809	3.14159265359	4.71238898038	0
810	3.33794219444	4.71238898038	0
811	3.53429173529	4.71238898038	0
812	3.73064127614	4.71238898038	0
813	3.92699081699	4.71238898038	0
814	4.12334035784	4.71238898038	0
815	4.31968989869	4.71238898038	0
816	4.51603943954	4.71238898038	0
817	4.71238898038	4.71238898038	0
818	4.90873852123	4.71238898038	0
819	5.10508806208	4.71238898038	0
820	5.30143760293	4.71238898038	0
821	5.49778714378	4.71238898038	0
822	5.69413668463	4.71238898038	0
823	5.89048622548	4.71238898038	0
824	6.08683576633	4.71238898038	0
825	6.28318530718	4.71238898038	0
826	0.0	4.90873852123	0
827	0.196349540849	4.90873852123	0
828	0.392699081699	4.90873852123	0
829	0.589048622548	4.90873852123	0
830	0.785398163397	4.90873852123	0
831	0.981747704247	4.90873852123	0
832	1.1780972451	4.90873852123	0
833	1.37444678595	4.90873852123	0
834	1.57079632679	4.90873852123	0
835	1.76714586764	4.90873852123	0
836	1.96349540849	4.90873852123	0
837	2.15984494934	4.90873852123	0
838	2.35619449019	4.90873852123	0
839	2.55254403104	4.90873852123	0
840	2.74889357189	4.90873852123	0
841	2.94524311274	4.90873852123	0
842	3.14159265359	4.90873852123	0
843	3.33794219444	4.90873852123	0
844	3.53429173529	4.90873852123	0
845	3.73064127614	4.90873852123	0
846	3.92699081699	4.90873852123	0
847	4.12334035784	4.90873852123	0
848	4.31968989869	4.90873852123	0
849	4.51603943954	4.90873852123	0
850	4.71238898038	4.90873852123	0
851	4.90873852123	4.90873852123	0
852	5.10508806208	4.90873852123	0
853	5.30143760293	4.90873852123	0
854	5.49778714378	4.90873852123	0
855	5.69413668463	4.90873852123	0
856	5.89048622548	4.90873852123	0
857	6.08683576633	4.90873852123	0
858	6.28318530718	4.90873852123	0
859	0.0	5.10508806208	0
860	0.196349540849	5.10508806208	0
861	0.392699081699	5.10508806208	0
862	0.589048622548	5.10508806208	0
863	0.785398163397	5.10508806208	0
864	0.981747704247	5.10508806208	0
865	1.1780972451	5.10508806208	0
866	1.37444678595	5.10508806208	0
867	1.57079632679	5.10508806208	0
868	1.76714586764	5.10508806208	0
869	1.96349540849	5.10508806208	0
870	2.15984494934	5.10508806208	0
871	2.35619449019	5.10508806208	0
872	2.55254403104	5.10508806208	0
873	2.74889357189	5.10508806208	0
874	2.94524311274	5.10508806208	0
875	3.14159265359	5.10508806208	0
876	3.33794219444	5.10508806208	0
877	3.53429173529	5.10508806208	0
878	3.73064127614	5.10508806208	0
879	3.92699081699	5.10508806208	0
880	4.12334035784	5.10508806208	0
881	4.31968989869	5.10508806208	0
882	4.51603943954	5.10508806208	0
883	4.71238898038	5.10508806208	0
884	4.90873852123	5.10508806208	0
885	5.10508806208	5.10508806208	0
886	5.30143760293	5.10508806208	0
887	5.49778714378	5.10508806208	0
888	5.69413668463	5.10508806208	0
889	5.89048622548	5.10508806208	0
890	6.08683576633	5.10508806208	0
891	6.28318530718	5.10508806208	0
892	0.0	5.30143760293	0
893	0.196349540849	5.30143760293	0
894	0.392699081699	5.30143760293	0
895	0.589048622548	5.30143760293	0
896	0.785398163397	5.30143760293	0
897	0.981747704247	5.30143760293	0
898	1.1780972451	5.30143760293	0
899	1.37444678595	5.30143760293	0
900	1.57079632679	5.30143760293	0
901	1.76714586764	5.30143760293	0
902	1.96349540849	5.30143760293	0
903	2.15984494934	5.30143760293	0
904	2.35619449019	5.30143760293	0
905	2.55254403104	5.30143760293	0
906	2.74889357189	5.30143760293	0
907	2.94524311274	5.30143760293	0
908	3.14159265359	5.30143760293	0
909	3.33794219444	5.30143760293	0
910	3.53429173529	5.30143760293	0
911	3.73064127614	5.30143760293	0
912	3.92699081699	5.30143760293	0
913	4.12334035784	5.30143760293	0
914	4.31968989869	5.30143760293	0
915	4.51603943954	5.30143760293	0
916	4.71238898038	5.30143760293	0
917	4.90873852123	5.30143760293	0
918	5.10508806208	5.30143760293	0
919	5.30143760293	5.30143760293	0
920	5.49778714378	5.30143760293	0
921	5.69413668463	5.30143760293	0
922	5.89048622548	5.30143760293	0
923	6.08683576633	5.30143760293	0
924	6.28318530718	5.30143760293	0
925	0.0	5.49778714378	0
926	0.196349540849	5.49778714378	0
927	0.392699081699	5.49778714378	0
928	0.589048622548	5.49778714378	0
929	0.785398163397	5.49778714378	0
930	0.981747704247	5.49778714378	0
931	1.1780972451	5.49778714378	0
932	1.37444678595	5.49778714378	0
933	1.57079632679	5.49778714378	0
934	1.76714586764	5.49778714378	0
935	1.96349540849	5.49778714378	0
936	2.15984494934	5.49778714378	0
937	2.35619449019	5.49778714378	0
938	2.55254403104	5.49778714378	0
939	2.74889357189	5.49778714378	0
940	2.94524311274	5.49778714378	0
941	3.14159265359	5.49778714378	0
942	3.33794219444	5.49778714378	0
943	3.53429173529	5.49778714378	0
944	3.73064127614	5.49778714378	0
945	3.92699081699	5.49778714378	0
946	4.12334035784	5.49778714378	0
947	4.31968989869	5.49778714378	0
948	4.51603943954	5.49778714378	0
949	4.71238898038	5.49778714378	0
950	4.90873852123	5.49778714378	0
951	5.10508806208	5.49778714378	0
952	5.30143760293	5.49778714378	0
953	5.49778714378	5.49778714378	0
954	5.69413668463	5.49778714378	0
955	5.89048622548	5.49778714378	0
956	6.08683576633	5.49778714378	0
957	6.28318530718	5.49778714378	0
958	0.0	5.69413668463	0
959	0.196349540849	5.69413668463	0
960	0.392699081699	5.69413668463	0
961	0.589048622548	5.69413668463	0
962	0.785398163397	5.69413668463	0
963	0.981747704247	5.69413668463	0
964	1.1780972451	5.69413668463	0
965	1.37444678595	5.69413668463	0
966	1.57079632679	5.69413668463	0
967	1.76714586764	5.69413668463	0
968	1.96349540849	5.69413668463	0
969	2.15984494934	5.69413668463	0
970	2.35619449019	5.69413668463	0
971	2.55254403104	5.69413668463	0
972	2.74889357189	5.69413668463	0
973	2.94524311274	5.69413668463	0
974	3.14159265359	5.69413668463	0
975	3.33794219444	5.69413668463	0
976	3.53429173529	5.69413668463	0
977	3.73064127614	5.69413668463	0
978	3.92699081699	5.69413668463	0
979	4.12334035784	5.69413668463	0
980	4.31968989869	5.69413668463	0
981	4.51603943954	5.69413668463	0
982	4.71238898038	5.69413668463	0
983	4.90873852123	5.69413668463	0
984	5.10508806208	5.69413668463	0
985	5.30143760293	5.69413668463	0
986	5.49778714378	5.69413668463	0
987	5.69413668463	5.69413668463	0
988	5.89048622548	5.69413668463	0
989	6.08683576633	5.69413668463	0
990	6.28318530718	5.69413668463	0
991	0.0	5.89048622548	0
992	0.196349540849	5.89048622548	0
993	0.392699081699	5.89048622548	0
994	0.589048622548	5.89048622548	0
995	0.785398163397	5.89048622548	0
996	0.981747704247	5.89048622548	0
997	1.1780972451	5.89048622548	0
998	1.37444678595	5.89048622548	0
999	1.57079632679	5.89048622548	0
1000	1.76714586764	5.89048622548	0
1001	1.96349540849	5.89048622548	0
1002	2.15984494934	5.89048622548	0
1003	2.35619449019	5.89048622548	0
1004	2.55254403104	5.89048622548	0
1005	2.74889357189	5.89048622548	0
1006	2.94524311274	5.89048622548	0
1007	3.14159265359	5.89048622548	0
1008	3.33794219444	5.89048622548	0
1009	3.53429173529	5.89048622548	0
1010	3.73064127614	5.89048622548	0
1011	3.92699081699	5.89048622548	0
1012	4.12334035784	5.89048622548	0
1013	4.31968989869	5.89048622548	0
1014	4.51603943954	5.89048622548	0
1015	4.71238898038	5.89048622548	0
1016	4.90873852123	5.89048622548	0
1017	5.10508806208	5.89048622548	0
1018	5.30143760293	5.89048622548	0
1019	5.49778714378	5.89048622548	0
1020	5.69413668463	5.89048622548	0
1021	5.89048622548	5.89048622548	0
1022	6.08683576633	5.89048622548	0
1023	6.28318530718	5.89048622548	0
1024	0.0	6.08683576633	0
1025	0.196349540849	6.08683576633	0
1026	0.392699081699	6.08683576633	0
1027	0.589048622548	6.08683576633	0
1028	0.785398163397	6.08683576633	0
1029	0.981747704247	6.08683576633	0
1030	1.1780972451	6.08683576633	0
1031	1.37444678595	6.08683576633	0
1032	1.57079632679	6.08683576633	0
1033	1.76714586764	6.08683576633	0
1034	1.96349540849	6.08683576633	0
1035	2.15984494934	6.08683576633	0
1036	2.35619449019	6.08683576633	0
1037	2.55254403104	6.08683576633	0
1038	2.74889357189	6.08683576633	0
1039	2.94524311274	6.08683576633	0
1040	3.14159265359	6.08683576633	0
1041	3.33794219444	6.08683576633	0
1042	3.53429173529	6.08683576633	0
1043	3.73064127614	6.08683576633	0
1044	3.92699081699	6.08683576633	0
1045	4.12334035784	6.08683576633	0
1046	4.31968989869	6.08683576633	0
1047	4.51603943954	6.08683576633	0
1048	4.71238898038	6.08683576633	0
1049	4.90873852123	6.08683576633	0
1050	5.10508806208	6.08683576633	0
1051	5.30143760293	6.08683576633	0
1052	5.49778714378	6.08683576633	0
1053	5.69413668463	6.08683576633	0
1054	5.89048622548	6.08683576633	0
1055	6.08683576633	6.08683576633	0
1056	6.28318530718	6.08683576633	0
1057	0.0	6.28318530718	0
1058	0.196349540849	6.28318530718	0
1059	0.392699081699	6.28318530718	0
1060	0.589048622548	6.28318530718	0
1061	0.785398163397	6.28318530718	0
1062	0.981747704247	6.28318530718	0
1063	1.1780972451	6.28318530718	0
1064	1.37444678595	6.28318530718	0
1065	1.57079632679	6.28318530718	0
1066	1.76714586764	6.28318530718	0
1067	1.96349540849	6.28318530718	0
1068	2.15984494934	6.28318530718	0
1069	2.35619449019	6.28318530718	0
1070	2.55254403104	6.28318530718	0
1071	2.74889357189	6.28318530718	0
1072	2.94524311274	6.28318530718	0
1073	3.14159265359	6.28318530718	0
1074	3.33794219444	6.28318530718	0
1075	3.53429173529	6.28318530718	0
1076	3.73064127614	6.28318530718	0
1077	3.92699081699	6.28318530718	0
1078	4.12334035784	6.28318530718	0
1079	4.31968989869	6.28318530718	0
1080	4.51603943954	6.28318530718	0
1081	4.71238898038	6.28318530718	0
1082	4.90873852123	6.28318530718	0
1083	5.10508806208	6.28318530718	0
1084	5.30143760293	6.28318530718	0
1085	5.49778714378	6.28318530718	0
1086	5.69413668463	6.28318530718	0
1087	5.89048622548	6.28318530718	0
1088	6.08683576633	6.28318530718	0
1089	6.28318530718	6.28318530718	0
</NODES>

<ELEMENTS NUMBER=1024>
1	<Q>	1	2	35	34	</Q>
2	<Q>	2	3	36	35	</Q>
3	<Q>	3	4	37	36	</Q>
4	<Q>	4	5	38	37	</Q>
5	<Q>	5	6	39	38	</Q>
6	<Q>	6	7	40	39	</Q>
7	<Q>	7	8	41	40	</Q>
8	<Q>	8	9	42	41	</Q>
9	<Q>	9	10	43	42	</Q>
10	<Q>	10	11	44	43	</Q>
11	<Q>	11	12	45	44	</Q>
12	<Q>	12	13	46	45	</Q>
13	<Q>	13	14	47	46	</Q>
14	<Q>	14	15	48	47	</Q>
15	<Q>	15	16	49	48	</Q>
16	<Q>	16	17	50	49	</Q>
17	<Q>	17	18	51	50	</Q>
18	<Q>	18	19	52	51	</Q>
19	<Q>	19	20	53	52	</Q>
20	<Q>	20	21	54	53	</Q>
21	<Q>	21	22	55	54	</Q>
22	<Q>	22	23	56	55	</Q>
23	<Q>	23	24	57	56	</Q>
24	<Q>	24	25	58	57	</Q>
25	<Q>	25	26	59	58	</Q>
26	<Q>	26	27	60	59	</Q>
27	<Q>	27	28	61	60	</Q>
28	<Q>	28	29	62	61	</Q>
29	<Q>	29	30	63	62	</Q>
30	<Q>	30	31	64	63	</Q>
31	<Q>	31	32	65	64	</Q>
32	<Q>	32	33	66	65	</Q>
33	<Q>	34	35	68	67	</Q>
34	<Q>	35	36	69	68	</Q>
35	<Q>	36	37	70	69	</Q>
36	<Q>	37	38	71	70	</Q>
37	<Q>	38	39	72	71	</Q>
38	<Q>	39	40	73	72	</Q>
39	<Q>	40	41	74	73	</Q>
40	<Q>	41	42	75	74	</Q>
41	<Q>	42	43	76	75	</Q>
42	<Q>	43	44	77	76	</Q>
43	<Q>	44	45	78	77	</Q>
44	<Q>	45	46	79	78	</Q>
45	<Q>	46	47	80	79	</Q>
46	<Q>	47	48	81	80	</Q>
47	<Q>	48	49	82	81	</Q>
48	<Q>	49	50	83	82	</Q>
49	<Q>	50	51	84	83	</Q>
50	<Q>	51	52	85	84	</Q>
51	<Q>	52	53	86	85	</Q>
52	<Q>	53	54	87	86	</Q>
53	<Q>	54	55	88	87	</Q>
54	<Q>	55	56	89	88	</Q>
55	<Q>	56	57	90	89	</Q>
56	<Q>	57	58	91	90	</Q>
57	<Q>	58	59	92	91	</Q>
58	<Q>	59	60	93	92	</Q>
59	<Q>	60	61	94	93	</Q>
60	<Q>	61	62	95	94	</Q>
61	<Q>	62	63	96	95	</Q>
62	<Q>	63	64	97	96	</Q>
63	<Q>	64	65	98	97	</Q>
64	<Q>	65	66	99	98	</Q>
65	<Q>	67	68	101	100	</Q>
66	<Q>	68	69	102	101	</Q>
67	<Q>	69	70	103	102	</Q>
68	<Q>	70	71	104	103	</Q>
69	<Q>	71	72	105	104	</Q>
70	<Q>	72	73	106	105	</Q>
71	<Q>	73	74	107	106	</Q>
72	<Q>	74	75	108	107	</Q>
73	<Q>	75	76	109	108	</Q>
74	<Q>	76	77	110	109	</Q>
75	<Q>	77	78	111	110	</Q>
76	<Q>	78	79	112	111	</Q>
77	<Q>	79	80	113	112	</Q>
78	<Q>	80	81	114	113	</Q>
79	<Q>	81	82	115	114	</Q>
80	<Q>	82	83	116	115	</Q>
81	<Q>	83	84	117	116	</Q>
82	<Q>	84	85	118	117	</Q>
83	<Q>	85	86	119	118	</Q>
84	<Q>	86	87	120	119	</Q>
85	<Q>	87	88	121	120	</Q>
86	<Q>	88	89	122	121	</Q>
87	<Q>	89	90	123	122	</Q>
88	<Q>	90	91	124	123	</Q>
89	<Q>	91	92	125	124	</Q>
90	<Q>	92	93	126	125	</Q>
91	<Q>	93	94	127	126	</Q>
92	<Q>	94	95	128	127	</Q>
93	<Q>	95	96	129	128	</Q>
94	<Q>	96	97	130	129	</Q>
95	<Q>	97	98	131	130	</Q>
96	<Q>	98	99	132	131	</Q>
97	<Q>	100	101	134	133	</Q>
98	<Q>	101	102	135	134	</Q>
99	<Q>	102	103	136	135	</Q>
100	<Q>	103	104	137	136	</Q>
101	<Q>	104	105	138	137	</Q>
102	<Q>	105	106	139	138	</Q>
103	<Q>	106	107	140	139	</Q>
104	<Q>	107	108	141	140	</Q>
105	<Q>	108	109	142	141	</Q>
106	<Q>	109	110	143	142	</Q>
107	<Q>	110	111	144	143	</Q>
108	<Q>	111	112	145	144	</Q>
109	<Q>	112	113	146	145	</Q>
110	<Q>	113	114	147	146	</Q>
111	<Q>	114	115	148	147	</Q>
112	<Q>	115	116	149	148	</Q>
113	<Q>	116	117	150	149	</Q>
114	<Q>	117	118	151	150	</Q>
115	<Q>	118	119	152	151	</Q>
116	<Q>	119	120	153	152	</Q>
117	<Q>	120	121	154	153	</Q>
118	<Q>	121	122	155	154	</Q>
119	<Q>	122	123	156	155	</Q>
120	<Q>	123	124	157	156	</Q>
121	<Q>	124	125	158	157	</Q>
122	<Q>	125	126	159	158	</Q>
123	<Q>	126	127	160	159	</Q>
124	<Q>	127	128	161	160	</Q>
125	<Q>	128	129	162	161	</Q>
126	<Q>	129	130	163	162	</Q>
127	<Q>	130	131	164	163	</Q>
128	<Q>	131	132	165	164	</Q>
129	<Q>	133	134	167	166	</Q>
130	<Q>	134	135	168	167	</Q>
131	<Q>	135	136	169	168	</Q>
132	<Q>	136	137	170	169	</Q>
133	<Q>	137	138	171	170	</Q>
134	<Q>	138	139	172	171	</Q>
135	<Q>	139	140	173	172	</Q>
136	<Q>	140	141	174	173	</Q>
137	<Q>	141	142	175	174	</Q>
138	<Q>	142	143	176	175	</Q>
139	<Q>	143	144	177	176	</Q>
140	<Q>	144	145	178	177	</Q>
141	<Q>	145	146	179	178	</Q>
142	<Q>	146	147	180	179	</Q>
143	<Q>	147	148	181	180	</Q>
144	<Q>	148	149	182	181	</Q>
145	<Q>	149	150	183	182	</Q>
146	<Q>	150	151	184	183	</Q>
147	<Q>	151	152	185	184	</Q>
148	<Q>	152	153	186	185	</Q>
149	<Q>	153	154	187	186	</Q>
150	<Q>	154	155	188	187	</Q>
151	<Q>	155	156	189	188	</Q>
152	<Q>	156	157	190	189	</Q>
153	<Q>	157	158	191	190	</Q>
154	<Q>	158	159	192	191	</Q>
155	<Q>	159	160	193	192	</Q>
156	<Q>	160	161	194	193	</Q>
157	<Q>	161	162	195	194	</Q>
158	<Q>	162	163	196	195	</Q>
159	<Q>	163	164	197	196	</Q>
160	<Q>	164	165	198	197	</Q>
161	<Q>	166	167	200	199	</Q>
162	<Q>	167	168	201	200	</Q>
163	<Q>	168	169	202	201	</Q>
164	<Q>	169	170	203	202	</Q>
165	<Q>	170	171	204	203	</Q>
166	<Q>	171	172	205	204	</Q>
167	<Q>	172	173	206	205	</Q>
168	<Q>	173	174	207	206	</Q>
169	<Q>	174	175	208	207	</Q>
170	<Q>	175	176	209	208	</Q>
171	<Q>	176	177	210	209	</Q>
172	<Q>	177	178	211	210	</Q>
173	<Q>	178	179	212	211	</Q>
174	<Q>	179	180	213	212	</Q>
175	<Q>	180	181	214	213	</Q>
176	<Q>	181	182	215	214	</Q>
177	<Q>	182	183	216	215	</Q>
178	<Q>	183	184	217	216	</Q>
179	<Q>	184	185	218	217	</Q>
180	<Q>	185	186	219	218	</Q>
181	<Q>	186	187	220	219	</Q>
182	<Q>	187	188	221	220	</Q>
183	<Q>	188	189	222	221	</Q>
184	<Q>	189	190	223	222	</Q>
185	<Q>	190	191	224	223	</Q>
186	<Q>	191	192	225	224	</Q>
187	<Q>	192	193	226	225	</Q>
188	<Q>	193	194	227	226	</Q>
189	<Q>	194	195	228	227	</Q>
190	<Q>	195	196	229	228	</Q>
191	<Q>	196	197	230	229	</Q>
192	<Q>	197	198	231	230	</Q>
193	<Q>	199	200	233	232	</Q>
194	<Q>	200	201	234	233	</Q>
195	<Q>	201	202	235	234	</Q>
196	<Q>	202	203	236	235	</Q>
197	<Q>	203	204	237	236	</Q>
198	<Q>	204	205	238	237	</Q>
199	<Q>	205	206	239	238	</Q>
200	<Q>	206	207	240	239	</Q>
201	<Q>	207	208	241	240	</Q>
202	<Q>	208	209	242	241	</Q>
203	<Q>	209	210	243	242	</Q>
204	<Q>	210	211	244	243	</Q>
205	<Q>	211	212	245	244	</Q>
206	<Q>	212	213	246	245	</Q>
207	<Q>	213	214	247	246	</Q>
208	<Q>	214	215	248	247	</Q>
209	<Q>	215	216	249	248	</Q>
210	<Q>	216	217	250	249	</Q>
211	<Q>	217	218	251	250	</Q>
212	<Q>	218	219	252	251	</Q>
213	<Q>	219	220	253	252	</Q>
214	<Q>	220	221	254	253	</Q>
215	<Q>	221	222	255	254	</Q>
216	<Q>	222	223	256	255	</Q>
217	<Q>	223	224	257	256	</Q>
218	<Q>	224	225	258	257	</Q>
219	<Q>	225	226	259	258	</Q>
220	<Q>	226	227	260	259	</Q>
221	<Q>	227	228	261	260	</Q>
222	<Q>	228	229	262	261	</Q>
223	<Q>	229	230	263	262	</Q>
224	<Q>	230	231	264	263	</Q>
225	<Q>	232	233	266	265	</Q>
226	<Q>	233	234	267	266	</Q>
227	<Q>	234	235	268	267	</Q>
228	<Q>	235	236	269	268	</Q>
229	<Q>	236	237	270	269	</Q>
230	<Q>	237	238	271	270	</Q>
231	<Q>	238	239	272	271	</Q>
232	<Q>	239	240	273	272	</Q>
233	<Q>	240	241	274	273	</Q>
234	<Q>	241	242	275	274	</Q>
235	<Q>	242	243	276	275	</Q>
236	<Q>	243	244	277	276	</Q>
237	<Q>	244	245	278	277	</Q>
238	<Q>	245	246	279	278	</Q>
239	<Q>	246	247	280	279	</Q>
240	<Q>	247	248	281	280	</Q>
241	<Q>	248	249	282	281	</Q>
242	<Q>	249	250	283	282	</Q>
243	<Q>	250	251	284	283	</Q>
244	<Q>	251	252	285	284	</Q>
245	<Q>	252	253	286	285	</Q>
246	<Q>	253	254	287	286	</Q>
247	<Q>	254	255	288	287	</Q>
248	<Q>	255	256	289	288	</Q>
249	<Q>	256	257	290	289	</Q>
250	<Q>	257	258	291	290	</Q>
251	<Q>	258	259	292	291	</Q>
252	<Q>	259	260	293	292	</Q>
253	<Q>	260	261	294	293	</Q>
254	<Q>	261	262	295	294	</Q>
255	<Q>	262	263	296	295	</Q>
256	<Q>	263	264	297	296	</Q>
257	<Q>	265	266	299	298	</Q>
258	<Q>	266	267	300	299	</Q>
259	<Q>	267	268	301	300	</Q>
260	<Q>	268	269	302	301	</Q>
261	<Q>	269	270	303	302	</Q>
262	<Q>	270	271	304	303	</Q>
263	<Q>	271	272	305	304	</Q>
264	<Q>	272	273	306	305	</Q>
265	<Q>	273	274	307	306	</Q>
266	<Q>	274	275	308	307	</Q>
267	<Q>	275	276	309	308	</Q>
268	<Q>	276	277	310	309	</Q>
269	<Q>	277	278	311	310	</Q>
270	<Q>	278	279	312	311	</Q>
271	<Q>	279	280	313	312	</Q>
272	<Q>	280	281	314	313	</Q>
273	<Q>	281	282	315	314	</Q>
274	<Q>	282	283	316	315	</Q>
275	<Q>	283	284	317	316	</Q>
276	<Q>	284	285	318	317	</Q>
277	<Q>	285	286	319	318	</Q>
278	<Q>	286	287	320	319	</Q>
279	<Q>	287	288	321	320	</Q>
280	<Q>	288	289	322	321	</Q>
281	<Q>	289	290	323	322	</Q>
282	<Q>	290	291	324	323	</Q>
283	<Q>	291	292	325	324	</Q>
284	<Q>	292	293	326	325	</Q>
285	<Q>	293	294	327	326	</Q>
286	<Q>	294	295	328	327	</Q>
287	<Q>	295	296	329	328	</Q>
288	<Q>	296	297	330	329	</Q>
289	<Q>	298	299	332	331	</Q>
290	<Q>	299	300	333	332	</Q>
291	<Q>	300	301	334	333	</Q>
292	<Q>	301	302	335	334	</Q>
293	<Q>	302	303	336	335	</Q>
294	<Q>	303	304	337	336	</Q>
295	<Q>	304	305	338	337	</Q>
296	<Q>	305	306	339	338	</Q>
297	<Q>	306	307	340	339	</Q>
298	<Q>	307	308	341	340	</Q>
299	<Q>	308	309	342	341	</Q>
300	<Q>	309	310	343	342	</Q>
301	<Q>	310	311	344	343	</Q>
302	<Q>	311	312	345	344	</Q>
303	<Q>	312	313	346	345	</Q>
304	<Q>	313	314	347	346	</Q>
305	<Q>	314	315	348	347	</Q>
306	<Q>	315	316	349	348	</Q>
307	<Q>	316	317	350	349	</Q>
308	<Q>	317	318	351	350	</Q>
309	<Q>	318	319	352	351	</Q>
310	<Q>	319	320	353	352	</Q>
311	<Q>	320	321	354	353	</Q>
312	<Q>	321	322	355	354	</Q>
313	<Q>	322	323	356	355	</Q>
314	<Q>	323	324	357	356	</Q>
315	<Q>	324	325	358	357	</Q>
316	<Q>	325	326	359	358	</Q>
317	<Q>	326	327	360	359	</Q>
318	<Q>	327	328	361	360	</Q>
319	<Q>	328	329	362	361	</Q>
320	<Q>	329	330	363	362	</Q>
321	<Q>	331	332	365	364	</Q>
322	<Q>	332	333	366	365	</Q>
323	<Q>	333	334	367	366	</Q>
324	<Q>	334	335	368	367	</Q>
325	<Q>	335	336	369	368	</Q>
326	<Q>	336	337	370	369	</Q>
327	<Q>	337	338	371	370	</Q>
328	<Q>	338	339	372	371	</Q>
329	<Q>	339	340	373	372	</Q>
330	<Q>	340	341	374	373	</Q>
331	<Q>	341	342	375	374	</Q>
332	<Q>	342	343	376	375	</Q>
333	<Q>	343	344	377	376	</Q>
334	<Q>	344	345	378	377	</Q>
335	<Q>	345	346	379	378	</Q>
336	<Q>	346	347	380	379	</Q>
337	<Q>	347	348	381	380	</Q>
338	<Q>	348	349	382	381	</Q>
339	<Q>	349	350	383	382	</Q>
340	<Q>	350	351	384	383	</Q>
341	<Q>	351	352	385	384	</Q>
342	<Q>	352	353	386	385	</Q>
343	<Q>	353	354	387	386	</Q>
344	<Q>	354	355	388	387	</Q>
345	<Q>	355	356	389	388	</Q>
346	<Q>	356	357	390	389	</Q>
347	<Q>	357	358	391	390	</Q>
348	<Q>	358	359	392	391	</Q>
349	<Q>	359	360	393	392	</Q>
350	<Q>	360	361	394	393	</Q>
351	<Q>	361	362	395	394	</Q>
352	<Q>	362	363	396	395	</Q>
353	<Q>	364	365	398	397	</Q>
354	<Q>	365	366	399	398	</Q>
355	<Q>	366	367	400	399	</Q>
356	<Q>	367	368	401	400	</Q>
357	<Q>	368	369	402	401	</Q>
358	<Q>	369	370	403	402	</Q>
359	<Q>	370	371	404	403	</Q>
360	<Q>	371	372	405	404	</Q>
361	<Q>	372	373	406	405	</Q>
362	<Q>	373	374	407	406	</Q>
363	<Q>	374	375	408	407	</Q>
364	<Q>	375	376	409	408	</Q>
365	<Q>	376	377	410	409	</Q>
366	<Q>	377	378	411	410	</Q>
367	<Q>	378	379	412	411	</Q>
368	<Q>	379	380	413	412	</Q>
369	<Q>	380	381	414	413	</Q>
370	<Q>	381	382	415	414	</Q>
371	<Q>	382	383	416	415	</Q>
372	<Q>	383	384	417	416	</Q>
373	<Q>	384	385	418	417	</Q>
374	<Q>	385	386	419	418	</Q>
375	<Q>	386	387	420	419	</Q>
376	<Q>	387	388	421	420	</Q>
377	<Q>	388	389	422	421	</Q>
378	<Q>	389	390	423	422	</Q>
379	<Q>	390	391	424	423	</Q>
380	<Q>	391	392	425	424	</Q>
381	<Q>	392	393	426	425	</Q>
382	<Q>	393	394	427	426	</Q>
383	<Q>	394	395	428	427	</Q>
384	<Q>	395	396	429	428	</Q>
385	<Q>	397	398	431	430	</Q>
386	<Q>	398	399	432	431	</Q>
387	<Q>	399	400	433	432	</Q>
388	<Q>	400	401	434	433	</Q>
389	<Q>	401	402	435	434	</Q>
390	<Q>	402	403	436	435	</Q>
391	<Q>	403	404	437	436	</Q>
392	<Q>	404	405	438	437	</Q>
393	<Q>	405	406	439	438	</Q>
394	<Q>	406	407	440	439	</Q>
395	<Q>	407	408	441	440	</Q>
396	<Q>	408	409	442	441	</Q>
397	<Q>	409	410	443	442	</Q>
398	<Q>	410	411	444	443	</Q>
399	<Q>	411	412	445	444	</Q>
400	<Q>	412	413	446	445	</Q>
401	<Q>	413	414	447	446	</Q>
402	<Q>	414	415	448	447	</Q>
403	<Q>	415	416	449	448	</Q>
404	<Q>	416	417	450	449	</Q>
405	<Q>	417	418	451	450	</Q>
406	<Q>	418	419	452	451	</Q>
407	<Q>	419	420	453	452	</Q>
408	<Q>	420	421	454	453	</Q>
409	<Q>	421	422	455	454	</Q>
410	<Q>	422	423	456	455	</Q>
411	<Q>	423	424	457	456	</Q>
412	<Q>	424	425	458	457	</Q>
413	<Q>	425	426	459	458	</Q>
414	<Q>	426	427	460	459	</Q>
415	<Q>	427	428	461	460	</Q>
416	<Q>	428	429	462	461	</Q>
417	<Q>	430	431	464	463	</Q>
418	<Q>	431	432	465	464	</Q>
419	<Q>	432	433	466	465	</Q>
420	<Q>	433	434	467	466	</Q>
421	<Q>	434	435	468	467	</Q>
422	<Q>	435	436	469	468	</Q>
423	<Q>	436	437	470	469	</Q>
424	<Q>	437	438	471	470	</Q>
425	<Q>	438	439	472	471	</Q>
426	<Q>	439	440	473	472	</Q>
427	<Q>	440	441	474	473	</Q>
428	<Q>	441	442	475	474	</Q>
429	<Q>	442	443	476	475	</Q>
430	<Q>	443	444	477	476	</Q>
431	<Q>	444	445	478	477	</Q>
432	<Q>	445	446	479	478	</Q>
433	<Q>	446	447	480	479	</Q>
434	<Q>	447	448	481	480	</Q>
435	<Q>	448	449	482	481	</Q>
436	<Q>	449	450	483	482	</Q>
437	<Q>	450	451	484	483	</Q>
438	<Q>	451	452	485	484	</Q>
439	<Q>	452	453	486	485	</Q>
440	<Q>	453	454	487	486	</Q>
441	<Q>	454	455	488	487	</Q>
442	<Q>	455	456	489	488	</Q>
443	<Q>	456	457	490	489	</Q>
444	<Q>	457	458	491	490	</Q>
445	<Q>	458	459	492	491	</Q>
446	<Q>	459	460	493	492	</Q>
447	<Q>	460	461	494	493	</Q>
448	<Q>	461	462	495	494	</Q>
449	<Q>	463	464	497	496	</Q>
450	<Q>	464	465	498	497	</Q>
451	<Q>	465	466	499	498	</Q>
452	<Q>	466	467	500	499	</Q>
453	<Q>	467	468	501	500	</Q>
454	<Q>	468	469	502	501	</Q>
455	<Q>	469	470	503	502	</Q>
456	<Q>	470	471	504	503	</Q>
457	<Q>	471	472	505	504	</Q>
458	<Q>	472	473	506	505	</Q>
459	<Q>	473	474	507	506	</Q>
460	<Q>	474	475	508	507	</Q>
461	<Q>	475	476	509	508	</Q>
462	<Q>	476	477	510	509	</Q>
463	<Q>	477	478	511	510	</Q>
464	<Q>	478	479	512	511	</Q>
465	<Q>	479	480	513	512	</Q>
466	<Q>	480	481	514	513	</Q>
467	<Q>	481	482	515	514	</Q>
468	<Q>	482	483	516	515	</Q>
469	<Q>	483	484	517	516	</Q>
470	<Q>	484	485	518	517	</Q>
471	<Q>	485	486	519	518	</Q>
472	<Q>	486	487	520	519	</Q>
473	<Q>	487	488	521	520	</Q>
474	<Q>	488	489	522	521	</Q>
475	<Q>	489	490	523	522	</Q>
476	<Q>	490	491	524	523	</Q>
477	<Q>	491	492	525	524	</Q>
478	<Q>	492	493	526	525	</Q>
479	<Q>	493	494	527	526	</Q>
480	<Q>	494	495	528	527	</Q>
481	<Q>	496	497	530	529	</Q>
482	<Q>	497	498	531	530	</Q>
483	<Q>	498	499	532	531	</Q>
484	<Q>	499	500	533	532	</Q>
485	<Q>	500	501	534	533	</Q>
486	<Q>	501	502	535	534	</Q>
487	<Q>	502	503	536	535	</Q>
488	<Q>	503	504	537	536	</Q>
489	<Q>	504	505	538	537	</Q>
490	<Q>	505	506	539	538	</Q>
491	<Q>	506	507	540	539	</Q>
492	<Q>	507	508	541	540	</Q>
493	<Q>	508	509	542	541	</Q>
494	<Q>	509	510	543	542	</Q>
495	<Q>	510	511	544	543	</Q>
496	<Q>	511	512	545	544	</Q>
497	<Q>	512	513	546	545	</Q>
498	<Q>	513	514	547	546	</Q>
499	<Q>	514	515	548	547	</Q>
500	<Q>	515	516	549	548	</Q>
501	<Q>	516	517	550	549	</Q>
502	<Q>	517	518	551	550	</Q>
503	<Q>	518	519	552	551	</Q>
504	<Q>	519	520	553	552	</Q>
505	<Q>	520	521	554	553	</Q>
506	<Q>	521	522	555	554	</Q>
507	<Q>	522	523	556	555	</Q>
508	<Q>	523	524	557	556	</Q>
509	<Q>	524	525	558	557	</Q>
510	<Q>	525	526	559	558	</Q>
511	<Q>	526	527	560	559	</Q>
512	<Q>	527	528	561	560	</Q>
513	<Q>	529	530	563	562	</Q>
514	<Q>	530	531	564	563	</Q>
515	<Q>	531	532	565	564	</Q>
516	<Q>	532	533	566	565	</Q>
517	<Q>	533	534	567	566	</Q>
518	<Q>	534	535	568	567	</Q>
519	<Q>	535	536	569	568	</Q>
520	<Q>	536	537	570	569	</Q>
521	<Q>	537	538	571	570	</Q>
522	<Q>	538	539	572	571	</Q>
523	<Q>	539	540	573	572	</Q>
524	<Q>	540	541	574	573	</Q>
525	<Q>	541	542	575	574	</Q>
526	<Q>	542	543	576	575	</Q>
527	<Q>	543	544	577	576	</Q>
528	<Q>	544	545	578	577	</Q>
529	<Q>	545	546	579	578	</Q>
530	<Q>	546	547	580	579	</Q>
531	<Q>	547	548	581	580	</Q>
532	<Q>	548	549	582	581	</Q>
533	<Q>	549	550	583	582	</Q>
534	<Q>	550	551	584	583	</Q>
535	<Q>	551	552	585	584	</Q>
536	<Q>	552	553	586	585	</Q>
537	<Q>	553	554	587	586	</Q>
538	<Q>	554	555	588	587	</Q>
539	<Q>	555	556	589	588	</Q>
540	<Q>	556	557	590	589	</Q>
541	<Q>	557	558	591	590	</Q>
542	<Q>	558	559	592	591	</Q>
543	<Q>	559	560	593	592	</Q>
544	<Q>	560	561	594	593	</Q>
545	<Q>	562	563	596	595	</Q>
546	<Q>	563	564	597	596	</Q>
547	<Q>	564	565	598	597	</Q>
548	<Q>	565	566	599	598	</Q>
549	<Q>	566	567	600	599	</Q>
550	<Q>	567	568	601	600	</Q>
551	<Q>	568	569	602	601	</Q>
552	<Q>	569	570	603	602	</Q>
553	<Q>	570	571	604	603	</Q>
554	<Q>	571	572	605	604	</Q>
555	<Q>	572	573	606	605	</Q>
556	<Q>	573	574	607	606	</Q>
557	<Q>	574	575	608	607	</Q>
558	<Q>	575	576	609	608	</Q>
559	<Q>	576	577	610	609	</Q>
560	<Q>	577	578	611	610	</Q>
561	<Q>	578	579	612	611	</Q>
562	<Q>	579	580	613	612	</Q>
563	<Q>	580	581	614	613	</Q>
564	<Q>	581	582	615	614	</Q>
565	<Q>	582	583	616	615	</Q>
566	<Q>	583	584	617	616	</Q>
567	<Q>	584	585	618	617	</Q>
568	<Q>	585	586	619	618	</Q>
569	<Q>	586	587	620	619	</Q>
570	<Q>	587	588	621	620	</Q>
571	<Q>	588	589	622	621	</Q>
572	<Q>	589	590	623	622	</Q>
573	<Q>	590	591	624	623	</Q>
574	<Q>	591	592	625	624	</Q>
575	<Q>	592	593	626	625	</Q>
576	<Q>	593	594	627	626	</Q>
577	<Q>	595	596	629	628	</Q>
578	<Q>	596	597	630	629	</Q>
579	<Q>	597	598	631	630	</Q>
580	<Q>	598	599	632	631	</Q>
581	<Q>	599	600	633	632	</Q>
582	<Q>	600	601	634	633	</Q>
583	<Q>	601	602	635	634	</Q>
584	<Q>	602	603	636	635	</Q>
585	<Q>	603	604	637	636	</Q>
586	<Q>	604	605	638	637	</Q>
587	<Q>	605	606	639	638	</Q>
588	<Q>	606	607	640	639	</Q>
589	<Q>	607	608	641	640	</Q>
590	<Q>	608	609	642	641	</Q>
591	<Q>	609	610	643	642	</Q>
592	<Q>	610	611	644	643	</Q>
593	<Q>	611	612	645	644	</Q>
594	<Q>	612	613	646	645	</Q>
595	<Q>	613	614	647	646	</Q>
596	<Q>	614	615	648	647	</Q>
597	<Q>	615	616	649	648	</Q>
598	<Q>	616	617	650	649	</Q>
599	<Q>	617	618	651	650	</Q>
600	<Q>	618	619	652	651	</Q>
601	<Q>	619	620	653	652	</Q>
602	<Q>	620	621	654	653	</Q>
603	<Q>	621	622	655	654	</Q>
604	<Q>	622	623	656	655	</Q>
605	<Q>	623	624	657	656	</Q>
606	<Q>	624	625	658	657	</Q>
607	<Q>	625	626	659	658	</Q>
608	<Q>	626	627	660	659	</Q>
609	<Q>	628	629	662	661	</Q>
610	<Q>	629	630	663	662	</Q>
611	<Q>	630	631	664	663	</Q>
612	<Q>	631	632	665	664	</Q>
613	<Q>	632	633	666	665	</Q>
614	<Q>	633	634	667	666	</Q>
615	<Q>	634	635	668	667	</Q>
616	<Q>	635	636	669	668	</Q>
617	<Q>	636	637	670	669	</Q>
618	<Q>	637	638	671	670	</Q>
619	<Q>	638	639	672	671	</Q>
620	<Q>	639	640	673	672	</Q>
621	<Q>	640	641	674	673	</Q>
622	<Q>	641	642	675	674	</Q>
623	<Q>	642	643	676	675	</Q>
624	<Q>	643	644	677	676	</Q>
625	<Q>	644	645	678	677	</Q>
626	<Q>	645	646	679	678	</Q>
627	<Q>	646	647	680	679	</Q>
628	<Q>	647	648	681	680	</Q>
629	<Q>	648	649	682	681	</Q>
630	<Q>	649	650	683	682	</Q>
631	<Q>	650	651	684	683	</Q>
632	<Q>	651	652	685	684	</Q>
633	<Q>	652	653	686	685	</Q>
634	<Q>	653	654	687	686	</Q>
635	<Q>	654	655	688	687	</Q>
636	<Q>	655	656	689	688	</Q>
637	<Q>	656	657	690	689	</Q>
638	<Q>	657	658	691	690	</Q>
639	<Q>	658	659	692	691	</Q>
640	<Q>	659	660	693	692	</Q>
641	<Q>	661	662	695	694	</Q>
642	<Q>	662	663	696	695	</Q>
643	<Q>	663	664	697	696	</Q>
644	<Q>	664	665	698	697	</Q>
645	<Q>	665	666	699	698	</Q>
646	<Q>	666	667	700	699	</Q>
647	<Q>	667	668	701	700	</Q>
648	<Q>	668	669	702	701	</Q>
649	<Q>	669	670	703	702	</Q>
650	<Q>	670	671	704	703	</Q>
651	<Q>	671	672	705	704	</Q>
652	<Q>	672	673	706	705	</Q>
653	<Q>	673	674	707	706	</Q>
654	<Q>	674	675	708	707	</Q>
655	<Q>	675	676	709	708	</Q>
656	<Q>	676	677	710	709	</Q>
657	<Q>	677	678	711	710	</Q>
658	<Q>	678	679	712	711	</Q>
659	<Q>	679	680	713	712	</Q>
660	<Q>	680	681	714	713	</Q>
661	<Q>	681	682	715	714	</Q>
662	<Q>	682	683	716	715	</Q>
663	<Q>	683	684	717	716	</Q>
664	<Q>	684	685	718	717	</Q>
665	<Q>	685	686	719	718	</Q>
666	<Q>	686	687	720	719	</Q>
667	<Q>	687	688	721	720	</Q>
668	<Q>	688	689	722	721	</Q>
669	<Q>	689	690	723	722	</Q>
670	<Q>	690	691	724	723	</Q>
671	<Q>	691	692	725	724	</Q>
672	<Q>	692	693	726	725	</Q>
673	<Q>	694	695	728	727	</Q>
674	<Q>	695	696	729	728	</Q>
675	<Q>	696	697	730	729	</Q>
676	<Q>	697	698	731	730	</Q>
677	<Q>	698	699	732	731	</Q>
678	<Q>	699	700	733	732	</Q>
679	<Q>	700	701	734	733	</Q>
680	<Q>	701	702	735	734	</Q>
681	<Q>	702	703	736	735	</Q>
682	<Q>	703	704	737	736	</Q>
683	<Q>	704	705	738	737	</Q>
684	<Q>	705	706	739	738	</Q>
685	<Q>	706	707	740	739	</Q>
686	<Q>	707	708	741	740	</Q>
687	<Q>	708	709	742	741	</Q>
688	<Q>	709	710	743	742	</Q>
689	<Q>	710	711	744	743	</Q>
690	<Q>	711	712	745	744	</Q>
691	<Q>	712	713	746	745	</Q>
692	<Q>	713	714	747	746	</Q>
693	<Q>	714	715	748	747	</Q>
694	<Q>	715	716	749	748	</Q>
695	<Q>	716	717	750	749	</Q>
696	<Q>	717	718	751	750	</Q>
697	<Q>	718	719	752	751	</Q>
698	<Q>	719	720	753	752	</Q>
699	<Q>	720	721	754	753	</Q>
700	<Q>	721	722	755	754	</Q>
701	<Q>	722	723	756	755	</Q>
702	<Q>	723	724	757	756	</Q>
703	<Q>	724	725	758	757	</Q>
704	<Q>	725	726	759	758	</Q>
705	<Q>	727	728	761	760	</Q>
706	<Q>	728	729	762	761	</Q>
707	<Q>	729	730	763	762	</Q>
708	<Q>	730	731	764	763	</Q>
709	<Q>	731	732	765	764	</Q>
710	<Q>	732	733	766	765	</Q>
711	<Q>	733	734	767	766	</Q>
712	<Q>	734	735	768	767	</Q>
713	<Q>	735	736	769	768	</Q>
714	<Q>	736	737	770	769	</Q>
715	<Q>	737	738	771	770	</Q>
716	<Q>	738	739	772	771	</Q>
717	<Q>	739	740	773	772	</Q>
718	<Q>	740	741	774	773	</Q>
719	<Q>	741	742	775	774	</Q>
720	<Q>	742	743	776	775	</Q>
721	<Q>	743	744	777	776	</Q>
722	<Q>	744	745	778	777	</Q>
723	<Q>	745	746	779	778	</Q>
724	<Q>	746	747	780	779	</Q>
725	<Q>	747	748	781	780	</Q>
726	<Q>	748	749	782	781	</Q>
727	<Q>	749	750	783	782	</Q>
728	<Q>	750	751	784	783	</Q>
729	<Q>	751	752	785	784	</Q>
730	<Q>	752	753	786	785	</Q>
731	<Q>	753	754	787	786	</Q>
732	<Q>	754	755	788	787	</Q>
733	<Q>	755	756	789	788	</Q>
734	<Q>	756	757	790	789	</Q>
735	<Q>	757	758	791	790	</Q>
736	<Q>	758	759	792	791	</Q>
737	<Q>	760	761	794	793	</Q>
738	<Q>	761	762	795	794	</Q>
739	<Q>	762	763	796	795	</Q>
740	<Q>	763	764	797	796	</Q>
741	<Q>	764	765	798	797	</Q>
742	<Q>	765	766	799	798	</Q>
743	<Q>	766	767	800	799	</Q>
744	<Q>	767	768	801	800	</Q>
745	<Q>	768	769	802	801	</Q>
746	<Q>	769	770	803	802	</Q>
747	<Q>	770	771	804	803	</Q>
748	<Q>	771	772	805	804	</Q>
749	<Q>	772	773	806	805	</Q>
750	<Q>	773	774	807	806	</Q>
751	<Q>	774	775	808	807	</Q>
752	<Q>	775	776	809	808	</Q>
753	<Q>	776	777	810	809	</Q>
754	<Q>	777	778	811	810	</Q>
755	<Q>	778	779	812	811	</Q>
756	<Q>	779	780	813	812	</Q>
757	<Q>	780	781	814	813	</Q>
758	<Q>	781	782	815	814	</Q>
759	<Q>	782	783	816	815	</Q>
760	<Q>	783	784	817	816	</Q>
761	<Q>	784	785	818	817	</Q>
762	<Q>	785	786	819	818	</Q>
763	<Q>	786	787	820	819	</Q>
764	<Q>	787	788	821	820	</Q>
765	<Q>	788	789	822	821	</Q>
766	<Q>	789	790	823	822	</Q>
767	<Q>	790	791	824	823	</Q>
768	<Q>	791	792	825	824	</Q>
769	<Q>	793	794	827	826	</Q>
770	<Q>	794	795	828	827	</Q>
771	<Q>	795	796	829	828	</Q>
772	<Q>	796	797	830	829	</Q>
773	<Q>	797	798	831	830	</Q>
774	<Q>	798	799	832	831	</Q>
775	<Q>	799	800	833	832	</Q>
776	<Q>	800	801	834	833	</Q>
777	<Q>	801	802	835	834	</Q>
778	<Q>	802	803	836	835	</Q>
779	<Q>	803	804	837	836	</Q>
780	<Q>	804	805	838	837	</Q>
781	<Q>	805	806	839	838	</Q>
782	<Q>	806	807	840	839	</Q>
783	<Q>	807	808	841	840	</Q>
784	<Q>	808	809	842	841	</Q>
785	<Q>	809	810	843	842	</Q>
786	<Q>	810	811	844	843	</Q>
787	<Q>	811	812	845	844	</Q>
788	<Q>	812	813	846	845	</Q>
789	<Q>	813	814	847	846	</Q>
790	<Q>	814	815	848	847	</Q>
791	<Q>	815	816	849	848	</Q>
792	<Q>	816	817	850	849	</Q>
793	<Q>	817	818	851	850	</Q>
794	<Q>	818	819	852	851	</Q>
795	<Q>	819	820	853	852	</Q>
796	<Q>	820	821	854	853	</Q>
797	<Q>	821	822	855	854	</Q>
798	<Q>	822	823	856	855	</Q>
799	<Q>	823	824	857	856	</Q>
800	<Q>	824	825	858	857	</Q>
801	<Q>	826	827	860	859	</Q>
802	<Q>	827	828	861	860	</Q>
803	<Q>	828	829	862	861	</Q>
804	<Q>	829	830	863	862	</Q>
805	<Q>	830	831	864	863	</Q>
806	<Q>	831	832	865	864	</Q>
807	<Q>	832	833	866	865	</Q>
808	<Q>	833	834	867	866	</Q>
809	<Q>	834	835	868	867	</Q>
810	<Q>	835	836	869	868	</Q>
811	<Q>	836	837	870	869	</Q>
812	<Q>	837	838	871	870	</Q>
813	<Q>	838	839	872	871	</Q>
814	<Q>	839	840	873	872	</Q>
815	<Q>	840	841	874	873	</Q>
816	<Q>	841	842	875	874	</Q>
817	<Q>	842	843	876	875	</Q>
818	<Q>	843	844	877	876	</Q>
819	<Q>	844	845	878	877	</Q>
820	<Q>	845	846	879	878	</Q>
821	<Q>	846	847	880	879	</Q>
822	<Q>	847	848	881	880	</Q>
823	<Q>	848	849	882	881	</Q>
824	<Q>	849	850	883	882	</Q>
825	<Q>	850	851	884	883	</Q>
826	<Q>	851	852	885	884	</Q>
827	<Q>	852	853	886	885	</Q>
828	<Q>	853	854	887	886	</Q>
829	<Q>	854	855	888	887	</Q>
830	<Q>	855	856	889	888	</Q>
831	<Q>	856	857	890	889	</Q>
832	<Q>	857	858	891	890	</Q>
833	<Q>	859	860	893	892	</Q>
834	<Q>	860	861	894	893	</Q>
835	<Q>	861	862	895	894	</Q>
836	<Q>	862	863	896	895	</Q>
837	<Q>	863	864	897	896	</Q>
838	<Q>	864	865	898	897	</Q>
839	<Q>	865	866	899	898	</Q>
840	<Q>	866	867	900	899	</Q>
841	<Q>	867	868	901	900	</Q>
842	<Q>	868	869	902	901	</Q>
843	<Q>	869	870	903	902	</Q>
844	<Q>	870	871	904	903	</Q>
845	<Q>	871	872	905	904	</Q>
846	<Q>	872	873	906	905	</Q>
847	<Q>	873	874	907	906	</Q>
848	<Q>	874	875	908	907	</Q>
849	<Q>	875	876	909	908	</Q>
850	<Q>	876	877	910	909	</Q>
851	<Q>	877	878	911	910	</Q>
852	<Q>	878	879	912	911	</Q>
853	<Q>	879	880	913	912	</Q>
854	<Q>	880	881	914	913	</Q>
855	<Q>	881	882	915	914	</Q>
856	<Q>	882	883	916	915	</Q>
857	<Q>	883	884	917	916	</Q>
858	<Q>	884	885	918	917	</Q>
859	<Q>	885	886	919	918	</Q>
860	<Q>	886	887	920	919	</Q>
861	<Q>	887	888	921	920	</Q>
862	<Q>	888	889	922	921	</Q>
863	<Q>	889	890	923	922	</Q>
864	<Q>	890	891	924	923	</Q>
865	<Q>	892	893	926	925	</Q>
866	<Q>	893	894	927	926	</Q>
867	<Q>	894	895	928	927	</Q>
868	<Q>	895	896	929	928	</Q>
869	<Q>	896	897	930	929	</Q>
870	<Q>	897	898	931	930	</Q>
871	<Q>	898	899	932	931	</Q>
872	<Q>	899	900	933	932	</Q>
873	<Q>	900	901	934	933	</Q>
874	<Q>	901	902	935	934	</Q>
875	<Q>	902	903	936	935	</Q>
876	<Q>	903	904	937	936	</Q>
877	<Q>	904	905	938	937	</Q>
878	<Q>	905	906	939	938	</Q>
879	<Q>	906	907	940	939	</Q>
880	<Q>	907	908	941	940	</Q>
881	<Q>	908	909	942	941	</Q>
882	<Q>	909	910	943	942	</Q>
883	<Q>	910	911	944	943	</Q>
884	<Q>	911	912	945	944	</Q>
885	<Q>	912	913	946	945	</Q>
886	<Q>	913	914	947	946	</Q>
887	<Q>	914	915	948	947	</Q>
888	<Q>	915	916	949	948	</Q>
889	<Q>	916	917	950	949	</Q>
890	<Q>	917	918	951	950	</Q>
891	<Q>	918	919	952	951	</Q>
892	<Q>	919	920	953	952	</Q>
893	<Q>	920	921	954	953	</Q>
894	<Q>	921	922	955	954	</Q>
895	<Q>	922	923	956	955	</Q>
896	<Q>	923	924	957	956	</Q>
897	<Q>	925	926	959	958	</Q>
898	<Q>	926	927	960	959	</Q>
899	<Q>	927	928	961	960	</Q>
900	<Q>	928	929	962	961	</Q>
901	<Q>	929	930	963	962	</Q>
902	<Q>	930	931	964	963	</Q>
903	<Q>	931	932	965	964	</Q>
904	<Q>	932	933	966	965	</Q>
905	<Q>	933	934	967	966	</Q>
906	<Q>	934	935	968	967	</Q>
907	<Q>	935	936	969	968	</Q>
908	<Q>	936	937	970	969	</Q>
909	<Q>	937	938	971	970	</Q>
910	<Q>	938	939	972	971	</Q>
911	<Q>	939	940	973	972	</Q>
912	<Q>	940	941	974	973	</Q>
913	<Q>	941	942	975	974	</Q>
914	<Q>	942	943	976	975	</Q>
915	<Q>	943	944	977	976	</Q>
916	<Q>	944	945	978	977	</Q>
917	<Q>	945	946	979	978	</Q>
918	<Q>	946	947	980	979	</Q>
919	<Q>	947	948	981	980	</Q>
920	<Q>	948	949	982	981	</Q>
921	<Q>	949	950	983	982	</Q>
922	<Q>	950	951	984	983	</Q>
923	<Q>	951	952	985	984	</Q>
924	<Q>	952	953	986	985	</Q>
925	<Q>	953	954	987	986	</Q>
926	<Q>	954	955	988	987	</Q>
927	<Q>	955	956	989	988	</Q>
928	<Q>	956	957	990	989	</Q>
929	<Q>	958	959	992	991	</Q>
930	<Q>	959	960	993	992	</Q>
931	<Q>	960	961	994	993	</Q>
932	<Q>	961	962	995	994	</Q>
933	<Q>	962	963	996	995	</Q>
934	<Q>	963	964	997	996	</Q>
935	<Q>	964	965	998	997	</Q>
936	<Q>	965	966	999	998	</Q>
937	<Q>	966	967	1000	999	</Q>
938	<Q>	967	968	1001	1000	</Q>
939	<Q>	968	969	1002	1001	</Q>
940	<Q>	969	970	1003	1002	</Q>
941	<Q>	970	971	1004	1003	</Q>
942	<Q>	971	972	1005	1004	</Q>
943	<Q>	972	973	1006	1005	</Q>
944	<Q>	973	974	1007	1006	</Q>
945	<Q>	974	975	1008	1007	</Q>
946	<Q>	975	976	1009	1008	</Q>
947	<Q>	976	977	1010	1009	</Q>
948	<Q>	977	978	1011	1010	</Q>
949	<Q>	978	979	1012	1011	</Q>
950	<Q>	979	980	1013	1012	</Q>
951	<Q>	980	981	1014	1013	</Q>
952	<Q>	981	982	1015	1014	</Q>
953	<Q>	982	983	1016	1015	</Q>
954	<Q>	983	984	1017	1016	</Q>
955	<Q>	984	985	1018	1017	</Q>
956	<Q>	985	986	1019	1018	</Q>
957	<Q>	986	987	1020	1019	</Q>
958	<Q>	987	988	1021	1020	</Q>
959	<Q>	988	989	1022	1021	</Q>
960	<Q>	989	990	1023	1022	</Q>
961	<Q>	991	992	1025	1024	</Q>
962	<Q>	992	993	1026	1025	</Q>
963	<Q>	993	994	1027	1026	</Q>
964	<Q>	994	995	1028	1027	</Q>
965	<Q>	995	996	1029	1028	</Q>
966	<Q>	996	997	1030	1029	</Q>
967	<Q>	997	998	1031	1030	</Q>
968	<Q>	998	999	1032	1031	</Q>
969	<Q>	999	1000	1033	1032	</Q>
970	<Q>	1000	1001	1034	1033	</Q>
971	<Q>	1001	1002	1035	1034	</Q>
972	<Q>	1002	1003	1036	1035	</Q>
973	<Q>	1003	1004	1037	1036	</Q>
974	<Q>	1004	1005	1038	1037	</Q>
975	<Q>	1005	1006	1039	1038	</Q>
976	<Q>	1006	1007	1040	1039	</Q>
977	<Q>	1007	1008	1041	1040	</Q>
978	<Q>	1008	1009	1042	1041	</Q>
979	<Q>	1009	1010	1043	1042	</Q>
980	<Q>	1010	1011	1044	1043	</Q>
981	<Q>	1011	1012	1045	1044	</Q>
982	<Q>	1012	1013	1046	1045	</Q>
983	<Q>	1013	1014	1047	1046	</Q>
984	<Q>	1014	1015	1048	1047	</Q>
985	<Q>	1015	1016	1049	1048	</Q>
986	<Q>	1016	1017	1050	1049	</Q>
987	<Q>	1017	1018	1051	1050	</Q>
988	<Q>	1018	1019	1052	1051	</Q>
989	<Q>	1019	1020	1053	1052	</Q>
990	<Q>	1020	1021	1054	1053	</Q>
991	<Q>	1021	1022	1055	1054	</Q>
992	<Q>	1022	1023	1056	1055	</Q>
993	<Q>	1024	1025	1058	1057	</Q>
994	<Q>	1025	1026	1059	1058	</Q>
995	<Q>	1026	1027	1060	1059	</Q>
996	<Q>	1027	1028	1061	1060	</Q>
997	<Q>	1028	1029	1062	1061	</Q>
998	<Q>	1029	1030	1063	1062	</Q>
999	<Q>	1030	1031	1064	1063	</Q>
1000	<Q>	1031	1032	1065	1064	</Q>
1001	<Q>	1032	1033	1066	1065	</Q>
1002	<Q>	1033	1034	1067	1066	</Q>
1003	<Q>	1034	1035	1068	1067	</Q>
1004	<Q>	1035	1036	1069	1068	</Q>
1005	<Q>	1036	1037	1070	1069	</Q>
1006	<Q>	1037	1038	1071	1070	</Q>
1007	<Q>	1038	1039	1072	1071	</Q>
1008	<Q>	1039	1040	1073	1072	</Q>
1009	<Q>	1040	1041	1074	1073	</Q>
1010	<Q>	1041	1042	1075	1074	</Q>
1011	<Q>	1042	1043	1076	1075	</Q>
1012	<Q>	1043	1044	1077	1076	</Q>
1013	<Q>	1044	1045	1078	1077	</Q>
1014	<Q>	1045	1046	1079	1078	</Q>
1015	<Q>	1046	1047	1080	1079	</Q>
1016	<Q>	1047	1048	1081	1080	</Q>
1017	<Q>	1048	1049	1082	1081	</Q>
1018	<Q>	1049	1050	1083	1082	</Q>
1019	<Q>	1050	1051	1084	1083	</Q>
1020	<Q>	1051	1052	1085	1084	</Q>
1021	<Q>	1052	1053	1086	1085	</Q>
1022	<Q>	1053	1054	1087	1086	</Q>
1023	<Q>	1054	1055	1088	1087	</Q>
1024	<Q>	1055	1056	1089	1088	</Q>
</ELEMENTS>

<SURFACES NUMBER=64>
1	1	1	<P>	993	3	</P>
2	2	1	<P>	994	3	</P>
3	3	1	<P>	995	3	</P>
4	4	1	<P>	996	3	</P>
5	5	1	<P>	997	3	</P>
6	6	1	<P>	998	3	</P>
7	7	1	<P>	999	3	</P>
8	8	1	<P>	1000	3	</P>
9	9	1	<P>	1001	3	</P>
10	10	1	<P>	1002	3	</P>
11	11	1	<P>	1003	3	</P>
12	12	1	<P>	1004	3	</P>
13	13	1	<P>	1005	3	</P>
14	14	1	<P>	1006	3	</P>
15	15	1	<P>	1007	3	</P>
16	16	1	<P>	1008	3	</P>
17	17	1	<P>	1009	3	</P>
18	18	1	<P>	1010	3	</P>
19	19	1	<P>	1011	3	</P>
20	20	1	<P>	1012	3	</P>
21	21	1	<P>	1013	3	</P>
22	22	1	<P>	1014	3	</P>
23	23	1	<P>	1015	3	</P>
24	24	1	<P>	1016	3	</P>
25	25	1	<P>	1017	3	</P>
26	26	1	<P>	1018	3	</P>
27	27	1	<P>	1019	3	</P>
28	28	1	<P>	1020	3	</P>
29	29	1	<P>	1021	3	</P>
30	30	1	<P>	1022	3	</P>
31	31	1	<P>	1023	3	</P>
32	32	1	<P>	1024	3	</P>
1	1	4	<P>	32	2	</P>
2	33	4	<P>	64	2	</P>
3	65	4	<P>	96	2	</P>
4	97	4	<P>	128	2	</P>
5	129	4	<P>	160	2	</P>
6	161	4	<P>	192	2	</P>
7	193	4	<P>	224	2	</P>
8	225	4	<P>	256	2	</P>
9	257	4	<P>	288	2	</P>
10	289	4	<P>	320	2	</P>
11	321	4	<P>	352	2	</P>
12	353	4	<P>	384	2	</P>
13	385	4	<P>	416	2	</P>
14	417	4	<P>	448	2	</P>
15	449	4	<P>	480	2	</P>
16	481	4	<P>	512	2	</P>
17	513	4	<P>	544	2	</P>
18	545	4	<P>	576	2	</P>
19	577	4	<P>	608	2	</P>
20	609	4	<P>	640	2	</P>
21	641	4	<P>	672	2	</P>
22	673	4	<P>	704	2	</P>
23	705	4	<P>	736	2	</P>
24	737	4	<P>	768	2	</P>
25	769	4	<P>	800	2	</P>
26	801	4	<P>	832	2	</P>
27	833	4	<P>	864	2	</P>
28	865	4	<P>	896	2	</P>
29	897	4	<P>	928	2	</P>
30	929	4	<P>	960	2	</P>
31	961	4	<P>	992	2	</P>
32	993	4	<P>	1024	2	</P>
</SURFACES>
